790271955  41.74  41.74  2.12 0.00 1.00  0.00  0.95 16.15 3.45 1      1
996413506  95.63  95.63 -0.96 0.09 0.78  8.55  0.93 35.02 4.51 1      1
700866883  47.17  47.17  2.02 0.00 1.00 40.05  0.99 32.64 3.98 1      1
53366635  30.95  30.95 -1.32 0.00 0.99 23.69  0.88 33.22 1.62 1      1
84991229  46.04  58.19 -1.35 0.40 0.63  0.82  0.99 343.03 3.80 0      1
153192061  41.71  41.71 -0.12 0.00 0.99 15.87  1.00  4.85 6.03 1      1
176927357  19.15  19.15 -0.06 0.09 0.89  5.10  0.99 16.46 3.22 1      1
207517543  22.01  22.01 -2.18 0.00 0.92  5.75  0.95 10.41 0.52 1      1
200849048  15.72  19.02 -1.81 0.31 0.66  1.88  0.89 73.52 0.77 0      1
217347384  90.62  90.62 -0.97 0.12 0.81  5.63  0.94 44.81 3.56 1      1
280786910  34.50  35.74  0.46 0.08 0.77  4.85  0.18 36.21 2.52 0      1
333274834  26.15  26.15  2.02 0.00 0.96 17.01  0.88 23.75 3.61 1      1
408028080  46.36  46.36  1.99 0.00 1.01 36.34  0.95 16.67 1.37 1      1
472434857  48.45  48.45 -1.18 0.00 0.93 12.88  0.97 26.63 1.75 1      1
294482821  19.67  19.67  0.01 0.11 0.85  0.94  1.00 105.45 1.71 1      1
536930363  19.84  19.84  1.06 0.00 0.90  5.23  0.99 12.31 3.25 1      1
1523213790  21.97  21.97 -1.73 0.00 0.93 10.96  0.88 16.91 5.63 1      1
1527606862  31.71  31.71  1.38 0.05 0.98 21.87  0.31 11.87 3.01 0      1
37803362  27.11  27.11 -1.90 0.00 1.08  4.54  0.97  0.47 1.21 1      1
498192073  46.50  46.50  1.70 0.00 1.01 27.78  0.97  5.33 2.37 1      1
693465894 120.67 120.67 -1.99 0.25 0.87  4.86  0.69 53.68 4.14 0      1
761586040  14.40  14.40  1.75 0.00 1.11  4.14 -0.39 18.78 3.03 0      1
261797924  23.51  23.51  1.98 0.07 0.90 11.33  0.28 41.07 4.48 1      1
810776064  61.06  64.79  0.16 0.15 0.75  2.46  0.99 75.00 5.31 0      1
832563739  23.07  23.07 -1.67 0.03 0.87  4.97  0.96 12.17 3.47 1      1
381230927  33.17  33.17 -1.77 0.00 1.10  0.84  0.99 26.35 3.46 1      1
35543833  22.77  23.28 -1.73 0.20 0.78  3.05  0.95  4.51 2.84 0      1
344105008  50.37  50.37 -1.89 0.03 0.96 11.32  0.98 15.19 3.23 1      1
387640094  43.01  43.01 -1.42 0.00 0.88  7.36  0.93 32.66 1.28 1      1
22759301  57.28  57.28  1.98 0.00 1.02  8.89  0.96 28.38 1.77 1      1
47097824  34.75  34.75 -1.11 0.00 0.99 57.87  0.94 15.25 1.46 1      1
100825085  16.74  16.74  1.53 0.00 0.94  9.61  0.93 21.34 4.94 1      1
123281612  16.47  16.47 -0.78 0.00 0.84  2.57  0.99 22.76 5.04 1      1
146506321  34.32  34.32  1.58 0.03 1.13  8.02  0.95 17.33 4.93 1      1
124634923  74.66  74.66  1.95 0.00 0.97 22.19  0.97  8.06 2.92 1      1
150473561  38.30  38.30  1.60 0.00 1.10  0.48  0.95 13.92 2.77 1      1
184966714  47.09  47.09 -2.38 0.04 0.98 10.65  0.94 28.55 1.04 1      1
187094269  18.33  18.33  1.18 0.00 0.88  4.17  0.99 35.02 4.44 1      1
229347396  12.33  12.77  1.14 0.04 0.77  4.42  0.99 30.72 5.74 0      1
61695099  46.61  46.61 -1.75 0.01 1.03  5.96  0.73 28.21 2.94 1      1
294519236  24.32  24.32 -1.10 0.00 0.81  6.11  0.98 16.09 1.76 1      1
324780516  52.78  52.78  2.25 0.00 0.98 25.65  0.95 37.96 2.10 1      1
353167194  22.78  22.78  1.95 0.08 0.93  6.30  0.95  5.75 5.01 1      1
359515130  41.07  41.07  2.43 0.02 0.83  9.65  0.75 45.57 0.55 1      1
408019741 120.26 120.26  0.64 0.01 0.87 14.86  1.00 98.90 4.53 1      1
1243838685  46.69  46.69  1.90 0.00 1.06  3.31  0.93 13.06 1.56 1      1
1261231590  29.59  29.59  1.68 0.03 0.95  7.70  0.69 19.01 2.72 1      1
748453487  43.35  45.10  1.34 0.10 0.77  4.06  0.98 27.99 0.70 0      1
1772021048  41.37  41.37  1.94 0.01 0.94  6.13  0.96 35.28 2.39 1      1
1536150628  34.25  34.25 -1.75 0.00 1.14  0.53  0.82 39.20 1.96 1      1
189941622  24.12  24.12 -2.16 0.00 1.06  6.50  0.97 32.60 3.00 1      1
1164251277  26.20  26.20  2.41 0.00 1.00 41.24  0.95  7.42 4.05 1      1
1174323095  30.14  38.18 -0.01 0.36 0.63  2.34  0.99  8.79 5.13 0      1
975310668  22.71  22.71  1.86 0.09 1.01 59.44  0.88 30.86 0.76 1      1
981066065  13.72  13.72 -0.35 0.06 0.85  2.18  0.99  3.25 4.51 1      1
690946558  16.51  16.51  2.39 0.03 0.85  6.30 -0.21  8.48 6.11 0      1
698690889  56.06  56.06  1.53 0.04 1.62  1.41  0.82 14.96 2.80 1      1
726652350  18.81  21.44  0.90 0.23 0.70  1.94  0.96 10.82 6.06 0      1
1613640706  54.84  54.84 -1.73 0.00 0.99 158.96  0.86 40.31 6.06 1      1
357900573  24.70  26.95 -0.58 0.12 0.73  3.66  0.99  7.09 6.21 0      1
388039936  42.05  42.27  2.02 0.12 0.80  6.67  0.97 68.16 2.83 0      1
172678346  39.09  39.09 -1.59 0.01 0.95 14.43  0.98 38.54 0.83 1      1
186038797  46.37  46.37 -1.55 0.00 1.01 90.94  0.97 30.83 2.69 1      1
117793332  29.09  29.09  1.57 0.04 0.98 19.22  0.97 26.99 3.86 1      1
90599531  96.32  96.32  1.35 0.00 1.01 198.21  0.97 65.00 1.89 1      1
94907788  31.64  31.64 -1.77 0.03 0.82  6.18  0.78 30.18 1.22 1      1
40150937  46.48  46.48  2.40 0.00 1.08  1.37  0.88 32.23 1.21 1      1
159482913  43.37  43.37  1.94 0.00 0.97 24.37  0.97 17.62 2.21 1      1
502469637  31.53  31.53  1.57 0.00 0.90  6.76  0.99 12.28 1.89 1      1
520841925  36.28  41.94  0.36 0.22 0.69  3.69  0.99  8.29 3.80 0      1
23335922  26.61  26.61 -2.02 0.00 0.82  8.35  0.42  8.34 3.23 1      1
252425655  13.62  13.62 -2.28 0.00 1.00 13.60  0.95 17.94 5.42 1      1
307481770  18.05  18.05 -0.06 0.03 0.96  4.85  0.98 37.31 2.64 1      1
370538137  25.45  25.45  2.07 0.02 1.02 14.10  0.93  8.60 4.90 1      1
404313057  41.22  41.22  2.36 0.02 1.00 49.90  0.93  5.41 2.23 1      1
349101529  27.41  27.41  1.65 0.01 0.98  9.35  0.95 21.49 4.46 1      1
355106985  36.08  38.23  0.52 0.10 0.76  4.54  0.99 59.43 2.89 0      1
227018304  40.56  40.56  1.85 0.01 1.01 111.66  0.89  6.20 1.13 1      1
32538402  21.28  21.28 -1.62 0.00 0.84  5.64  0.95 30.46 3.87 1      1
48899601  38.78  44.24  2.01 0.26 0.95 31.64  0.92 17.16 0.95 0      1
374010077  21.67  21.67  0.60 0.23 0.82  3.09  0.99 35.93 2.12 0      1
387530482  18.36  19.47  0.35 0.11 0.75  1.81  0.99  9.06 2.53 0      1
415674109  40.47  45.65  0.09 0.32 0.71  2.32  0.99 99.77 6.18 0      1
330705004  19.45  19.45 -2.02 0.00 0.85 10.37  0.97 25.97 5.49 1      1
341374810  42.11  42.11 -1.74 0.00 1.03  6.35  0.98 21.77 2.47 1      1
345142305  25.76  25.76 -0.95 0.15 0.84  4.12  0.95 19.42 2.18 0      1
91935204  43.66  43.66 -1.58 0.00 0.97  9.08  0.99  7.94 5.08 1      1
532612412  31.16  31.16  1.68 0.06 0.97 10.70  0.76 29.82 4.03 1      1
1272767569  43.41  43.41  1.81 0.00 1.03 23.36  0.98 14.47 4.58 1      1
517134165  39.83  39.83  1.46 0.00 0.91  7.68  0.99 19.39 0.71 1      1
557012193  30.56  30.56  1.58 0.00 0.92 22.23  0.99  4.97 3.53 1      1
241682666  33.93  37.68  0.09 0.26 0.72  1.87  0.96  3.75 0.56 0      1
263990112  22.52  22.52 -2.13 0.21 0.88  6.26  0.04 69.67 5.79 0      1
266322939  22.88  22.88  1.36 0.02 1.08  5.03  0.95 36.16 0.92 1      1
52035735  27.83  27.83 -2.41 0.00 0.85 10.92  0.99 27.38 1.87 1      1
442791630  40.41  40.41 -2.01 0.00 1.11  1.61  0.82 24.32 3.29 1      1
339791599  46.40  46.40  1.74 0.00 1.06  3.42  0.98 22.46 5.08 1      1
360398543 108.94 108.94  1.26 0.00 0.97  8.85  0.95 34.70 2.32 1      1
364078200 161.80 161.80  0.89 0.05 0.96 23.02  0.92 113.73 2.02 1      1
277948574  34.86  34.86 -0.49 0.00 0.89  3.61  0.99 22.53 2.62 1      1
317678561  46.04  46.04 -1.62 0.00 0.97 26.72  0.87  8.00 0.29 1      1
321651320  46.56  46.56  1.66 0.05 0.90  6.52  0.92 27.10 2.27 1      1
16420777  45.76  45.76  2.04 0.00 1.07  5.44  0.90 12.06 2.02 1      1
101782549  40.00  40.00 -2.29 0.04 1.03  3.79  0.83 35.53 1.03 1      1
224544294  43.97  43.97 -1.36 0.00 1.12  1.83  0.96  8.32 5.89 1      1
265906248  22.70  22.70  1.62 0.05 1.03 21.13  0.97 73.34 5.00 1      1
249196722  67.44  67.44  1.58 0.06 0.97 25.54  0.94 29.80 4.11 1      1
257246008  36.30  41.62  1.58 0.23 0.70  3.57  0.98 42.71 0.96 0      1
262723394  42.35  42.35 -2.44 0.01 0.99 26.51  0.92 27.99 3.13 1      1
346464413  32.13  32.13 -1.94 0.03 0.87  5.22  0.55 23.30 4.10 1      1
1032470842  22.28  22.28  2.10 0.00 0.90  0.98  0.95 18.68 1.62 1      1
956210134  25.84  25.84 -0.81 0.00 0.94 14.42  0.99 168.45 3.40 1      1
98012392  38.01  38.01 -1.75 0.00 1.02 34.72  0.96 44.36 0.79 1      1
142105501  45.44  45.44  2.33 0.00 1.00 61.41  0.84 20.69 5.20 1      1
134738465  23.68  23.68 -1.89 0.02 0.84  4.96  0.85 29.76 1.05 1      1
136888071  28.52  28.52 -2.21 0.04 0.95  5.85  0.69 24.45 3.83 1      1
184104127  41.90  41.90 -2.16 0.04 0.97  8.37  0.96  4.62 0.77 1      1
192494355  23.10  23.10 -1.96 0.00 1.20  5.33  0.04 27.93 1.68 0      1
421261984  27.20  27.20  0.39 0.00 0.94 14.85  0.99 19.94 5.41 1      1
427139236  39.07  39.07 -1.46 0.00 1.16  0.65  0.98 18.71 0.58 1      1
924277307  41.85  41.85 -1.53 0.13 0.83  2.80  0.79 17.81 5.69 0      1
698751960  40.59  40.59  1.42 0.00 1.03  5.66  0.84 13.19 0.56 1      1
700484482  36.29  36.29 -2.25 0.00 1.04  6.65  0.93 38.98 2.52 1      1
719721696  36.51  36.51  1.31 0.00 1.02 32.82  0.98  4.66 0.25 1      1
912404616  32.50  32.50 -1.68 0.00 1.11  1.27  0.99 21.26 2.16 1      1
784151532  33.68  33.68 -2.09 0.00 1.02 101.97  0.95  8.81 0.80 1      1
883605098  23.93  24.35  2.09 0.21 0.79  4.06  0.97 28.89 4.67 0      1
657029623  37.37  37.37  1.53 0.00 1.01 29.30  0.99 17.97 4.81 1      1
730238639  50.71  50.71 -1.97 0.00 1.03  7.15  0.97 28.37 3.64 1      1
385583316  88.14  88.14  2.14 0.00 0.95 22.94  0.98 19.07 2.74 1      1
28747106  55.16  55.16  1.88 0.02 0.95  7.95  0.94 13.53 1.75 1      1
69456487  95.67  99.70  2.23 0.16 0.77  5.71  0.96 59.24 3.04 0      1
1849568213  57.10  57.10  1.63 0.00 1.08  0.00  0.96 33.22 5.15 1      1
1052421890  25.02  25.02 -1.57 0.00 0.98 19.03  0.92 27.71 1.94 1      1
1724461210  29.80  29.80  1.68 0.00 0.85  7.19  0.97 31.92 2.61 1      1
1582661128  19.06  19.06 -2.34 0.00 1.02 43.47  0.92  6.13 3.58 1      1
211874870  34.33  34.33 -2.40 0.01 1.03 37.05  0.93  0.06 2.28 1      1
874103006  47.34  47.34  1.81 0.01 0.97  8.66  0.89  2.82 3.44 1      1
1915361989  15.70  15.70  0.60 0.06 0.85  2.11  0.99 23.63 4.03 1      1
1831286149  63.42  66.86 -0.13 0.17 0.72  8.57  0.82 28.45 3.68 0      1
350759931  48.24  48.24 -0.83 0.01 0.99 13.04  0.98 32.82 4.90 1      1
399130733  60.15  60.15  1.22 0.00 1.13  1.34  0.98 33.45 5.76 1      1
-2147483648  79.03  79.03 -1.87 0.00 1.01 62.29  0.99  4.95 3.35 1      1
2114139814  39.71  39.71 -1.75 0.00 0.98 17.15  0.98  9.04 2.40 1      1
1622886908  28.87  28.87 -1.24 0.00 0.90  3.97  0.98 28.78 5.49 1      1
1625386303  42.62  49.03  1.86 0.28 0.70  2.94  0.65 15.20 2.69 0      1
1647756648  44.21  44.21 -2.20 0.00 1.01 147.90  0.99 24.41 3.88 1      1
438037007  20.43  20.43  1.15 0.00 1.02  3.12  0.98 30.23 4.50 1      1
442093005  39.05  41.14 -1.32 0.12 0.76  6.67  0.89 91.35 3.37 0      1
445995017  25.51  25.51 -1.13 0.14 0.86  2.36  0.99  9.80 6.22 0      1
-2147483648  23.35  23.69 -1.54 0.05 0.79  0.97  0.84 26.27 1.87 0      1
-2147483648  33.67  33.67 -1.69 0.01 1.09  9.35  0.99  4.73 2.49 1      1
-2147483648  37.42  37.42  1.82 0.11 0.90  5.42  0.97 17.41 4.09 1      1
-2147483648  37.69  37.69 -2.03 0.01 1.03 10.95  0.94  4.87 0.59 1      1
1149041549  39.18  39.18 -1.83 0.02 1.06  0.69  0.93 14.83 3.46 1      1
1166850997  28.12  31.70 -0.25 0.20 0.71  1.14  1.00 100.06 4.52 0      1
-2147483648  38.91  38.91 -2.27 0.05 0.86  7.12  0.95  1.03 0.52 1      1
-2147483648  41.63  41.63  1.67 0.00 0.96 23.88  0.98 31.15 4.09 1      1
905247647  23.87  23.87 -1.75 0.00 0.86  3.49  0.80  8.72 3.42 1      1
49715261  41.89  41.89 -1.61 0.00 1.05 61.90  0.99 29.30 2.72 1      1
569905472  36.56  38.99  0.87 0.29 0.75  3.63  0.96 112.11 3.22 0      1
816970038  26.03  30.16 -0.76 0.20 0.69  2.82  0.97 52.58 1.08 0      1
1740399254  43.65  43.65  1.42 0.00 0.85  7.21  0.89 11.00 4.44 1      1
1740242013  53.87  57.28 -1.04 0.21 0.75  3.06  0.87 38.34 4.41 0      1
1759593356  21.27  21.27  1.94 0.00 0.94 15.50  0.99 61.41 0.48 1      1
1762925189  44.70  44.70 -0.67 0.01 0.90 11.46  0.98 26.77 5.34 1      1
503940326  81.94  81.94 -0.49 0.09 0.80  5.50  0.99 54.59 5.73 1      1
520606007  31.84  31.84 -2.50 0.00 0.97 19.24  0.49 18.46 0.68 1      1
-2147483648  35.12  35.12  1.83 0.00 1.05  3.05  0.95 33.27 3.12 1      1
2032050015  24.64  24.64 -1.31 0.00 1.07  3.39  0.95 14.68 1.81 1      1
1309697201  35.52  35.52  2.46 0.00 1.17  2.59  0.77 30.81 3.42 1      1
1321734478  32.47  32.47  1.60 0.00 0.92 10.39  0.97 11.05 4.97 1      1
1339910736  27.71  27.71 -2.37 0.08 0.92  2.64  0.91 13.78 4.61 1      1
1905173805  40.21  40.21 -1.14 0.00 1.03 11.98  0.98  7.45 3.14 1      1
1693556875  51.94  51.94  1.62 0.01 1.07  2.62  0.93  6.82 2.76 1      1
1681610067  20.83  20.83 -1.57 0.03 1.26  0.16  0.99  9.60 1.56 1      1
491264074  29.24  29.24 -0.98 0.02 1.01 23.27  0.99 133.88 0.22 1      1
1552655221  52.95  52.95 -1.13 0.00 0.99 36.39  0.99 28.84 5.08 1      1
1595305904 141.39 141.39  1.21 0.00 1.00 90.86  0.97  2.72 5.11 1      1
1608955560  27.72  27.72  1.31 0.06 0.92  2.05  0.99 27.66 3.55 1      1
734333030  44.62  44.62 -1.46 0.00 0.96 19.84  0.98 27.58 2.95 1      1
223228226  44.10  44.10 -1.67 0.00 1.02 17.56  0.96  1.55 4.28 1      1
291403357 213.63 213.63  2.49 0.06 0.96 82.15 -0.29 131.21 2.65 0      1
410632591  40.42  40.42  1.80 0.00 1.10  0.83  0.92 30.19 2.31 1      1
415750561  40.59  40.59 -1.12 0.00 1.33  1.39  0.95 25.95 0.76 1      1
444671645  26.27  26.27 -2.44 0.00 1.21  1.27 -0.09 23.49 1.80 0      1
561003364  35.84  35.84  2.18 0.00 1.02 23.09  0.93 38.70 2.91 1      1
737242793  17.38  17.91 -1.73 0.15 0.78  3.60 -0.10 23.23 5.80 0      1
760179037  34.80  34.80 -1.96 0.02 1.01 23.73  0.93 35.89 2.41 1      1
788774327  38.91  38.91 -1.70 0.00 1.03 10.69  0.88 25.17 2.67 1      1
1397752167  13.24  13.24 -2.07 0.00 1.10  2.33  0.96 26.97 3.67 1      1
606629522  14.27  14.27 -0.37 0.00 0.91  1.90  0.96 30.17 2.60 1      1
1066332018 125.19 125.19  1.33 0.00 0.99 48.64  0.99 25.29 1.06 1      1
185578838  47.10  47.10 -2.40 0.01 0.95 21.86  0.95  3.44 2.63 1      1
237418238  38.99  38.99 -1.85 0.03 0.98 15.15  0.97 32.29 5.95 1      1
75750018  42.52  42.52 -2.41 0.01 1.02 12.97  0.97  3.98 2.94 1      1
389077845  16.68  16.68  0.58 0.00 0.85  7.70  0.99 12.34 1.86 1      1
424462224  42.03  42.03  2.09 0.00 1.05 14.10  0.97  3.04 1.31 1      1
585123612  33.79  33.79  0.25 0.00 0.82  9.40  0.98 15.75 1.07 1      1
497731147  38.29  38.29 -1.64 0.01 1.00 39.97  0.95 23.67 1.96 1      1
128670323  57.20  57.20  2.26 0.01 0.99 46.00  0.98  9.60 5.45 1      1
158549302  60.08  60.08 -2.06 0.00 0.98 30.36  0.80 21.80 1.79 1      1
265694872  83.14  83.14 -0.23 0.12 0.97 64.39  0.99 42.61 2.22 1      1
275514256  42.18  50.99 -0.64 0.38 0.66  4.91  0.99 34.20 4.31 0      1
346368829  20.10  20.10 -2.22 0.00 1.17  0.99  0.85 30.37 2.72 1      1
566458949  14.46  14.46 -2.50 0.00 0.81  5.29  0.93 23.08 3.42 1      1
585784319  21.39  21.39 -2.20 0.00 0.92  3.49  0.86 12.49 4.51 1      1
952578143  73.87  73.87  1.80 0.01 0.99 62.67  0.98 31.32 3.86 1      1
43194151  29.94  29.94 -0.46 0.09 0.85  4.08  0.74 22.56 0.54 0      1
-2147483648  26.00  26.00  1.48 0.04 0.87 11.84  0.93 22.88 3.28 1      1
412793289  37.70  37.70  1.41 0.00 1.01 36.72  0.99 29.12 6.25 1      1
339818406  30.83  30.83  1.73 0.00 1.17  0.00  0.98 22.24 2.95 1      1
26165343  36.88  36.88 -1.84 0.00 1.05  0.78  0.90 12.37 5.87 1      1
37163568  34.83  34.83 -2.33 0.00 1.10  3.99  0.98 27.33 1.38 1      1
290995445  37.26  37.26 -1.84 0.01 0.98 16.10  0.92  6.61 2.57 1      1
127463581  22.23  22.23 -2.48 0.00 0.99 23.61  0.73 33.92 4.89 1      1
126766618  30.83  30.83  1.87 0.00 0.80  5.64  0.84  8.31 1.91 1      1
75356327  59.41  59.41  0.36 0.01 0.93 10.33  0.98 127.26 6.19 1      1
85966406  26.84  26.84  2.49 0.01 0.97 12.02  0.86 16.42 3.60 1      1
102169937  51.41  51.41 -1.80 0.00 1.00 42.68  0.95  7.64 1.80 1      1
195030965  14.53  14.53 -1.11 0.07 0.96 24.35  0.92 52.72 5.31 1      1
195303283  35.27  35.27 -1.58 0.00 0.99 86.17  0.96  6.78 5.56 1      1
220204622  41.34  41.34  2.08 0.00 1.04  5.02  0.58 26.94 3.98 1      1
27320422  39.19  39.19 -1.87 0.01 1.08  8.07  0.95 36.51 2.35 1      1
75243291  43.47  43.47 -1.77 0.07 0.83  2.87  0.93 27.58 2.97 1      1
318773490  44.31  44.31 -2.24 0.05 0.95 10.32  0.94  8.17 2.73 1      1
356712149  72.80  72.80 -2.09 0.00 0.97 42.21  0.96 17.50 0.45 1      1
357426995  41.98  41.98 -1.76 0.02 1.03 15.78  0.97 22.23 3.42 1      1
379743950  47.17  47.17 -1.26 0.00 0.97 55.59  0.97 36.85 1.63 1      1
642722859  24.68  24.68  1.60 0.02 0.96 15.38  0.96 140.89 3.76 1      1
54494700  23.20  23.20 -2.15 0.00 0.93 11.85  0.89  5.86 1.64 1      1
675378280  27.02  28.36 -1.14 0.19 0.76  3.89  0.99 26.09 0.91 0      1
721157109  54.05  54.05  1.66 0.02 0.92  3.51  0.83 13.44 4.07 1      1
133073672  43.64  43.64  1.53 0.06 0.93 10.83  0.88 12.86 3.30 1      1
138358627  40.91  40.91  1.59 0.07 0.95  7.89  0.91 14.33 6.27 1      1
162744490  22.84  23.16  2.33 0.13 0.95 15.76  0.85 16.35 5.98 0      1
1274139605  40.50  40.50  1.61 0.00 1.03  3.02  0.95  4.46 2.68 1      1
461229632  20.97  20.97 -0.32 0.00 0.86  9.81  0.99 24.64 4.28 1      1
477152906 197.96 197.96  1.49 0.00 0.91  3.89  1.00 80.31 2.36 1      1
698165705  52.47  52.47 -1.69 0.01 1.03  4.25  0.95 34.43 2.69 1      1
49120188  49.01  49.01 -1.78 0.01 1.04  9.21  0.60 10.93 3.58 1      1
1209644126  38.55  38.55 -1.44 0.02 0.94  7.47  0.96 21.54 4.91 1      1
1439566948  52.10  52.10  1.28 0.08 0.85  4.72  0.98 39.27 5.47 1      1
141522165  35.13  35.13  2.48 0.00 0.88 11.21  0.89 14.03 3.48 1      1
281321674  36.12  36.12  1.31 0.00 1.03 10.35  0.96 10.47 4.47 1      1
507004856  38.09  38.09  1.68 0.00 1.09  5.12  0.98 27.22 4.99 1      1
231475119  17.14  17.14  1.42 0.04 0.88  6.35  0.98 34.50 1.99 1      1
61888318  23.35  23.35  0.25 0.15 0.81  1.22  1.00 31.88 3.14 0      1
84656569  30.38  31.39 -1.12 0.12 0.77  5.02  0.96 49.73 2.84 0      1
156356240  50.01  59.32  0.11 0.28 0.67  1.27  0.99 22.39 2.57 0      1
1903325287  35.26  35.26  1.70 0.00 0.99 44.97  0.99 17.59 0.58 1      1
1911173352  25.72  25.72  1.69 0.05 1.13  0.99  0.90 21.13 2.29 1      1
1792910828  36.92  36.92 -0.51 0.05 0.85  0.15  0.99  6.74 4.94 1      1
1809416038  29.49  35.65  1.26 0.29 0.66  1.49  0.98 24.04 5.10 0      1
1517606573  28.46  28.46 -1.73 0.09 0.94 13.17  0.93 26.17 4.71 1      1
78759880  25.42  30.55  1.39 0.33 0.67  2.15  0.84 10.46 1.66 0      1
83716261  24.46  27.20 -0.09 0.17 0.72  3.82  0.99 62.01 1.34 0      1
3993171  43.74  43.74  2.11 0.00 0.98 35.13  0.95 17.71 2.35 1      1
10064769  38.58  38.58  1.65 0.00 1.09  2.64  0.96  3.52 4.60 1      1
17567099  24.46  24.46 -1.74 0.00 0.86  7.75  0.95 15.60 2.50 1      1
1627941703  20.69  20.69 -1.95 0.15 0.81  4.14  0.98 34.51 3.03 0      1
1661131352  39.38  39.38  1.79 0.03 1.03 11.36  0.96 19.69 1.70 1      1
119658927  42.66  42.66  1.29 0.00 1.04 17.81  0.97  2.84 4.57 1      1
2125339541  28.76  28.76 -0.74 0.02 1.04  1.11  0.98 13.22 2.86 1      1
-2147483648  47.53  47.53 -1.61 0.00 1.04  7.01  0.99 29.23 2.79 1      1
639202832  12.29  12.29 -0.32 0.00 1.06  5.11  0.99 46.63 2.41 1      1
1105234736  68.60  73.91  0.17 0.15 0.74  4.45  0.90 20.36 3.74 0      1
1106392678  23.01  23.45 -0.88 0.21 0.79  0.39  0.80  4.62 1.40 0      1
1121019666  39.98  42.01 -1.54 0.17 0.86  8.07  0.99 14.80 2.06 0      1
1165359988  16.41  17.00 -2.11 0.11 0.77  2.50  0.63 101.90 3.29 0      1
1573094501  24.73  24.73 -2.15 0.05 0.87  3.97  0.87 56.51 1.93 1      1
-2147483648  16.26  16.26  1.67 0.08 1.01 14.12  0.96 30.56 3.23 1      1
-2147483648  31.54  32.69  0.87 0.24 0.77  4.85  0.99 24.08 1.39 0      1
-2147483648  43.63  43.63 -1.19 0.01 1.02 11.47  0.96 17.12 5.27 1      1
86706587  31.86  31.86 -1.75 0.00 0.86  9.00  0.95  4.97 6.18 1      1
-2147483648  52.52  52.52  1.30 0.01 0.99 16.45  0.98 21.97 4.43 1      1
-2147483648  21.07  21.07  1.67 0.08 0.90  5.56  0.89  8.08 5.75 1      1
262665008  31.16  31.16 -1.64 0.01 0.88  4.21  0.90 31.99 4.21 1      1
31633623  14.70  14.70  2.11 0.00 1.02  6.88  0.05 17.45 1.62 0      1
135952447  40.65  40.65  1.77 0.07 0.91  7.79  0.97 15.27 0.92 1      1
91334987  16.16  16.16 -0.85 0.13 0.85  0.94  1.00 34.59 2.11 0      1
102877638  25.83  29.15  0.12 0.25 0.71  2.23  0.96  9.97 1.87 0      1
298125582 108.09 108.09 -1.31 0.00 0.99 72.84  0.98 117.39 3.23 1      1
308363535  27.59  27.59  2.45 0.00 1.06 13.13  0.37 29.70 2.81 1      1
336001144  52.83  52.83  1.80 0.00 1.00 89.90  0.95 40.61 2.12 1      1
872572817  39.44  40.77 -2.27 0.09 0.77  5.90  0.93 18.73 0.92 0      1
160302304  48.54  48.54 -2.44 0.00 1.05  4.56  0.95  1.90 2.40 1      1
165579110  40.33  40.33  1.61 0.00 1.14  1.09  0.97 27.35 2.11 1      1
173317785  24.06  24.06 -2.07 0.00 1.11  1.10  0.92 30.96 1.21 1      1
635442218  42.11  42.11 -1.46 0.01 0.97 10.84  0.98 23.47 1.80 1      1
266244862  22.74  22.74 -2.17 0.00 0.92  2.22  0.91  6.55 4.96 1      1
548736000  24.24  24.24 -0.76 0.05 0.83  4.89  0.99 43.29 0.70 1      1
124391231  16.81  16.81  1.14 0.07 0.97 11.13  0.98  4.19 6.19 1      1
151152609 149.75 149.75  1.33 0.00 0.98 69.67  0.98 42.02 1.24 1      1
484243721  21.82  21.82  0.11 0.00 0.82  6.19  0.99 56.14 2.32 1      1
28893259  44.09  44.09  1.26 0.05 1.02  6.13  0.98  7.33 0.74 1      1
51853446  30.90  31.87  0.44 0.07 0.78  5.35  1.00 10.97 3.15 0      1
608311148  27.54  27.54  1.47 0.00 1.01 21.55  0.91 13.42 1.89 1      1
758303091  59.15  59.15 -1.81 0.00 0.99 34.02  0.94 11.45 2.06 1      1
766984134  93.41 105.82  1.06 0.23 0.71  1.42  0.98 78.57 0.43 0      1
32355012  24.43  24.43 -1.90 0.00 1.03 21.33  0.70 27.57 6.10 1      1
357247909  17.47  17.47 -1.26 0.00 1.02 32.97  0.99 59.09 4.32 1      1
251889370  16.80  17.52 -1.87 0.10 0.77  2.72  0.99 22.94 3.82 0      1
275562247  14.39  14.39 -1.03 0.12 0.97  6.13  0.99  4.55 3.92 0      1
248507326  47.24  53.73 -1.04 0.20 0.70  3.63  0.11 36.92 0.17 0      1
75220034  76.16  92.67 -0.35 0.38 0.66  3.66  0.95 122.29 2.53 0      1
102028003  31.94  31.94  1.46 0.00 0.91  7.37  0.99 32.28 4.99 1      1
339780769  47.92  47.92  1.77 0.00 0.95  9.34  0.99 15.98 3.33 1      1
444448738  36.83  36.83  2.43 0.04 0.91 11.85  0.83 33.47 4.46 1      1
447454968 178.88 178.88 -0.37 0.02 0.93  1.52  0.99 30.65 0.68 1      1
841119411  46.07  46.07 -1.86 0.01 1.05  6.88  0.96 19.04 2.77 1      1
772120120  43.10  43.10 -2.08 0.00 0.85  7.98  0.98 16.13 3.45 1      1
226206779  18.31  20.89  0.31 0.25 0.70  2.36  1.00 29.75 1.87 0      1
253262460  44.62  44.62 -1.90 0.00 1.03 36.79  0.97 10.93 1.56 1      1
267809405  39.69  39.69  1.61 0.07 0.98 14.49  0.92  6.20 5.58 1      1
269473808 117.14 117.14 -1.47 0.00 0.97 27.87  1.00 17.86 2.09 1      1
270613070  40.32  48.41 -0.92 0.29 0.67  1.58  0.97 116.52 5.89 0      1
273969385  15.91  18.43  0.74 0.26 0.69  1.01  0.99 16.70 4.02 0      1
504845898  57.92  64.82  2.06 0.24 0.71  2.49  0.70 87.30 2.36 0      1
521094732  39.69  39.69 -1.82 0.01 0.94 14.39  0.88 13.51 0.30 1      1
550822281  37.21  37.21  0.79 0.01 1.00 38.00  0.99 17.68 4.94 1      1
559121199  30.22  30.22 -1.78 0.01 1.06  5.94  0.90 16.21 3.78 1      1
138359759  50.71  50.71  1.37 0.00 1.05  4.77  0.99 21.08 5.37 1      1
797067944  36.97  36.97  0.36 0.00 1.01 38.43  1.00 41.85 5.14 1      1
193030215  43.68  43.68  1.30 0.14 0.82  6.24  0.94 21.08 4.16 0      1
674842786  15.19  15.28  0.08 0.13 0.80  0.93  0.98 47.66 2.52 0      1
229131373  62.15  62.15 -2.29 0.03 0.95  3.81  0.96 17.74 4.08 1      1
230838324  41.54  41.54  1.65 0.00 0.89  7.53  0.98 17.05 2.43 1      1
102875468  41.92  41.92  1.69 0.00 1.04  3.32  0.98 123.48 4.80 1      1
144122035  48.88  48.88  1.43 0.00 1.04  1.46  0.99 22.89 3.89 1      1
287391685  43.19  43.19  1.20 0.00 0.97 20.94  0.95 20.21 1.74 1      1
291142614  47.91  47.91 -1.24 0.03 0.94  4.42  0.99 15.20 1.43 1      1
173126045  25.49  25.49 -2.03 0.03 0.95  6.94  0.96 14.61 4.41 1      1
176967405  22.57  25.46  0.31 0.21 0.71  2.87  0.94 30.58 2.61 0      1
216032210 205.82 205.82  2.18 0.00 0.97 53.30  0.81 38.88 3.67 1      1
224148517  51.08  51.08 -2.43 0.00 0.94 18.43  0.93 25.23 1.63 1      1
332688511  39.47  39.47  0.56 0.00 0.99 30.10  0.98  9.13 5.39 1      1
353154491  71.26  71.26 -1.49 0.00 1.44  4.79  0.97 22.34 1.77 1      1
504821357  16.43  16.43  0.95 0.06 0.92  5.63  0.98 24.05 3.78 1      1
373607793  42.76  42.76  1.75 0.00 1.09  1.33  0.93 20.28 1.37 1      1
185392810  14.17  14.17 -0.34 0.10 0.98 10.21  0.99  8.54 1.78 1      1
245452566  48.42  48.42 -2.06 0.00 0.98 36.55  0.98 21.23 3.46 1      1
448331972  42.99  45.98  0.64 0.21 0.75  4.90  0.95 92.90 2.11 0      1
453467881  35.10  35.51  0.39 0.14 0.79  4.51  0.99 81.12 5.24 0      1
98794836  40.15  40.15 -1.62 0.16 0.83  4.61  0.97 33.45 0.66 0      1
153425746  49.17  49.17  1.26 0.01 0.99 23.54  0.98 17.96 4.42 1      1
346819432  47.46  47.46 -2.44 0.00 0.98 26.34  0.53 26.61 3.87 1      1
365869292  18.61  18.61 -2.23 0.13 1.12  1.15 -0.00 18.63 3.15 0      1
385776857  18.81  20.17  0.48 0.20 0.75  1.99  0.99 14.88 3.66 0      1
397722876  44.28  44.28 -2.13 0.00 0.98 159.03  0.93 10.76 0.31 1      1
294315262 158.37 158.37 -1.60 0.01 1.01  5.40  0.98 24.81 3.25 1      1
182598430  36.85  36.85  1.97 0.00 0.95 15.76  0.48 24.04 2.24 1      1
215353787  47.48  47.48 -1.62 0.06 0.92  2.60  0.96 13.80 2.35 1      1
916443267  15.38  15.38  1.44 0.05 0.81  5.87  0.99 34.29 1.16 1      1
306203087  53.96  53.96  2.44 0.00 1.03 26.87  0.98 48.84 4.13 1      1
323537075  30.27  30.27 -0.58 0.15 0.90  6.09  0.96 19.63 4.75 0      1
1116600351  30.50  35.56  0.43 0.25 0.69  4.40  1.00 60.95 6.12 0      1
233830138  37.16  37.16  1.95 0.00 1.06 14.31  0.94  7.69 3.04 1      1
41601573  24.69  24.69  1.66 0.00 1.19  0.00  0.88 22.85 3.36 1      1
760913499 122.37 122.37  1.18 0.00 1.02  0.00  0.98 13.05 3.74 1      1
375308807  16.07  16.07 -1.15 0.00 0.95  4.91  0.98  6.93 6.09 1      1
394338949  36.48  36.48 -0.82 0.00 1.05  0.00  0.99 94.01 4.91 1      1
412353139  33.30  33.30  1.65 0.00 1.09  6.47  0.98 26.23 6.07 1      1
526570205  22.29  22.29 -2.37 0.01 0.94 12.87  0.97  7.19 6.05 1      1
773625501  28.19  28.19 -1.72 0.02 0.88  2.02  0.91 33.21 3.49 1      1
159084430  20.75  20.75  1.77 0.06 0.83  3.97  0.93 23.82 1.53 1      1
368452413  41.39  41.39  2.10 0.00 0.88 24.23  0.96 40.16 3.83 1      1
371887846  45.50  45.50  0.06 0.00 0.93 19.71  0.94 28.81 2.98 1      1
787634522  30.13  35.54 -1.82 0.37 0.68  1.70  0.21 37.87 5.91 0      1
285328686  21.23  21.23  1.70 0.11 0.81  3.51  0.98 32.27 4.69 1      1
61194384  43.44  43.44  0.98 0.07 0.94  4.92  0.99  5.47 1.23 1      1
572544371 177.57 177.57 -1.65 0.00 1.01  6.71  0.94 49.39 2.61 1      1
84766238  26.46  26.46  1.93 0.03 1.05  2.86  0.94 13.22 6.01 1      1
107061854  31.41  31.41 -2.32 0.03 0.91  4.86  0.85 32.65 5.95 1      1
196808853  45.79  45.79 -1.45 0.01 0.99  9.50  0.99 19.43 4.52 1      1
208368468  80.86  80.86 -2.34 0.00 1.02 196.95  0.76 34.02 1.99 1      1
115362262  12.40  12.40  0.47 0.00 0.82  4.25  0.99 18.16 3.99 1      1
74835113  64.69  64.69 -1.56 0.00 1.05  4.52  0.97 13.76 6.04 1      1
69290914  29.09  29.09  1.02 0.02 1.16  1.46  0.98 19.44 5.21 1      1
50454813 126.45 126.45  2.27 0.00 0.96 26.78  0.06 16.66 0.78 0      1
1132536086  33.48  33.48 -2.15 0.01 0.95 11.06  0.98  6.30 2.91 1      1
584853592  13.89  13.89 -1.88 0.00 0.97 39.05  0.91  4.66 1.98 1      1
1044420745  22.98  22.98  2.11 0.04 0.82  4.25  0.91 34.71 0.91 1      1
271733076  35.97  35.97  1.15 0.00 0.98 32.77  0.99 15.80 2.02 1      1
293282258  31.48  31.48 -1.87 0.00 1.03 26.01  0.99 15.63 3.00 1      1
242627115  34.37  38.79  1.49 0.25 0.98 30.39  0.98 36.12 5.71 0      1
834147601  21.92  21.92 -1.15 0.15 0.82  3.68  0.98 22.91 2.33 0      1
188573483  55.64  55.64  1.72 0.05 0.88 12.73  0.97 30.54 4.69 1      1
663681132  30.25  30.25 -1.93 0.03 0.83  4.45  0.81  6.84 2.43 1      1
677996406  43.04  43.04  1.85 0.00 0.90 16.45  0.81 27.34 2.05 1      1
683953356  17.34  18.15 -1.24 0.07 0.76  6.40  0.95 48.91 1.85 0      1
928156687  71.02  79.20 -1.10 0.18 0.72  4.85  0.87 55.06 0.29 0      1
955893547  23.09  23.09 -2.48 0.00 1.04 12.10  0.96 25.40 4.03 1      1
1008506470  99.82  99.82  2.01 0.00 1.03  5.74  0.77 12.36 4.27 1      1
1049539019  34.72  34.72 -1.83 0.01 1.09  2.31  0.91  4.97 5.16 1      1
1109183463  35.54  35.54  1.55 0.04 0.96 18.09  0.90  2.39 3.47 1      1
1140754777  21.61  23.98  1.34 0.32 0.72  0.56  0.99 20.69 0.56 0      1
95523210  18.25  18.25 -2.39 0.09 1.00 61.85  0.98 17.63 0.29 1      1
107770476  71.35  71.35  1.73 0.00 0.99 64.32  0.98 27.96 2.29 1      1
323014750  17.18  19.16  0.56 0.21 0.72  2.37  0.82 31.11 5.74 0      1
377131087  19.89  20.31  0.44 0.16 0.78  5.06  0.99 30.05 3.35 0      1
401254066  41.68  41.68  1.43 0.00 1.00 92.02  0.99 19.91 0.26 1      1
405562297  24.20  24.20  1.83 0.03 0.93  3.55  0.92 11.97 1.33 1      1
278624777  53.93  53.93 -1.97 0.00 0.99 45.58  0.97  6.97 4.61 1      1
298601745 145.78 145.78  2.34 0.00 0.91 11.06  0.50 214.76 2.83 1      1
228459556  40.81  40.81 -1.73 0.00 1.04  8.96  0.95 22.42 2.51 1      1
668340639  37.40  37.40 -1.38 0.00 0.95 27.25  0.99 27.43 2.22 1      1
243826767  30.12  30.12  1.59 0.02 1.11  0.93  0.98  7.89 5.56 1      1
249790807  52.66  52.66  1.73 0.03 0.94 11.88  0.87 16.31 4.75 1      1
272579958  12.75  12.75 -0.87 0.03 1.04  3.66  0.99 33.21 0.61 1      1
803005623  20.51  20.69 -1.60 0.03 0.79  6.00  0.97 61.91 1.46 0      1
91277009  41.00  41.00 -1.32 0.00 1.07 17.95  0.99 47.98 0.70 1      1
113185383  18.78  18.78  0.98 0.04 0.82  3.82  0.81  5.79 5.15 1      1
736075246  43.24  43.24  1.89 0.00 1.03 24.39  0.91 38.22 3.44 1      1
598318414  36.88  36.88  1.93 0.04 0.96 15.08  0.88 10.33 6.02 1      1
868393095  64.24  64.24 -1.78 0.00 1.03 13.88  0.98 27.18 3.53 1      1
146205338  37.32  37.32  1.55 0.00 0.97 20.07  0.92 10.52 5.52 1      1
146289541  42.06  42.06  2.33 0.00 1.05 28.37  0.82 11.37 1.61 1      1
247662249  12.87  12.87  0.21 0.00 0.82  3.18  0.99 21.47 4.90 1      1
182153771  67.85  67.85 -1.14 0.00 0.96  8.01  0.99 12.67 3.49 1      1
774651772  39.62  48.19 -1.63 0.34 0.66  3.94  0.99 28.05 2.78 0      1
1254039021  14.70  14.70  1.18 0.01 0.96  2.63  0.99 101.52 4.34 1      1
884591462  17.25  17.25  1.38 0.25 0.80  2.43  0.99 48.52 3.42 0      1
46166751  12.74  12.74  1.68 0.12 0.84  2.24  0.95  2.34 1.97 1      1
1717846074  22.77  22.77  0.60 0.00 0.84  4.60  0.99 25.95 1.92 1      1
594597466  11.84  11.84 -1.24 0.08 0.85  3.75  0.99  4.55 0.42 1      1
243695388  30.35  30.35  0.70 0.02 0.86 10.73  0.99 57.74 0.96 1      1
278520053  14.82  14.82  1.25 0.03 0.99 16.75  0.99 19.94 3.26 1      1
121415573  26.21  26.21 -0.34 0.16 0.90  6.94  0.99  6.17 0.45 0      1
29815020  19.17  19.17 -0.55 0.00 0.82  4.36  0.99 18.53 1.98 1      1
67051102  14.86  14.86  0.52 0.02 0.93  8.04  0.99 10.40 3.65 1      1
128700021  21.29  21.29 -2.13 0.07 0.97 18.98  0.90  9.48 1.57 1      1
176202161  21.84  23.05  0.06 0.08 0.76  3.77  0.99 28.22 6.22 0      1
38733526  23.59  25.08 -1.03 0.15 0.75  6.02  0.99 19.76 4.01 0      1
87126717  23.93  27.81 -0.46 0.32 0.69  2.36  0.80 11.98 4.58 0      1
97053010  24.98  24.98 -0.12 0.04 0.91  3.40  0.89 15.34 1.20 1      1
211490552  18.22  18.22 -1.05 0.12 0.84  2.92  0.76 14.04 0.81 1      1
101123032  71.06  71.06  0.47 0.13 0.86  6.74  0.99 64.47 3.22 0      1
448035418  33.29  36.55 -0.52 0.20 0.73  3.76  0.99 32.63 3.53 0      1
102570400  23.85  23.85 -2.05 0.00 0.99 21.61  0.84 15.20 4.60 1      1
129403840  29.58  29.58 -1.46 0.00 1.04 37.50  0.99 19.49 3.59 1      1
139621106  14.16  14.16  1.43 0.04 0.84  0.58  0.95  9.12 3.50 1      1
281927060  23.47  23.47 -1.30 0.01 0.92  4.85  0.97 43.35 1.24 1      1
234428467  16.37  16.37 -1.23 0.02 0.84  4.35  0.99  5.10 4.16 1      1
776486621  21.63  21.63 -0.15 0.08 0.93  3.00  0.99  4.77 4.16 1      1
895877145  17.17  17.17 -0.75 0.01 0.85  1.46  0.99 87.46 2.58 1      1
58985428  69.41  80.68  0.25 0.29 0.69  3.56  0.97 26.33 6.27 0      1
202242195  23.48  27.34 -0.46 0.29 0.69  2.13  1.00  3.29 2.99 0      1
343180976  12.55  12.55  0.94 0.05 1.02 18.29  0.99  8.40 2.66 1      1
690296149  16.53  16.53 -0.81 0.14 0.80  2.73  0.99 37.04 2.86 0      1
858394764  64.37  69.15 -1.33 0.19 0.78  9.13  0.99 27.85 5.40 0      1
1479832348  14.21  14.21 -1.91 0.04 1.11  1.11  0.94 26.84 3.12 1      1
1699399166  56.95  56.95 -0.87 0.00 1.02  0.72  1.00 40.76 3.02 1      1
1765329788  30.84  30.84  0.74 0.06 0.82  6.14  0.94 24.73 0.07 1      1
81436829  24.17  29.54 -0.42 0.31 0.65  2.84  0.73  6.16 5.25 0      1
104106549  35.06  39.85  0.92 0.18 0.70  1.89  0.99 17.94 3.58 0      1
161505387  49.02  52.84 -0.85 0.24 0.74  0.69  0.76  2.77 6.05 0      1
104223427  18.53  20.92  1.75 0.20 0.71  4.52  0.88 24.65 5.66 0      1
283475212  19.28  19.28  2.00 0.03 0.90  6.59  0.99 20.48 6.14 1      1
42130507  23.20  23.20 -0.87 0.00 0.83  5.80  0.99 63.39 1.55 1      1
249065732  14.93  14.93 -2.06 0.16 0.91  4.51  0.71 11.53 1.76 0      1
26619816  15.22  15.22  1.90 0.22 0.84  1.52  0.80 44.61 2.48 0      1
64957792  24.36  24.36  0.61 0.00 0.82  5.98  1.00 23.92 4.32 1      1
678900538  20.20  22.38 -0.65 0.31 0.72  0.31  0.98 23.44 5.48 0      1
864057872  22.04  22.04  1.95 0.00 0.93  9.38  0.92 65.41 3.76 1      1
247203773  14.67  14.67  0.85 0.00 1.09  2.62  0.99 29.03 3.94 1      1
369888340  18.31  18.31 -0.98 0.03 0.81  3.85  0.97 54.72 1.97 1      1
421815315  32.77  35.34 -0.70 0.17 0.74  3.33  0.99 15.85 0.84 0      1
486265471  21.21  21.21  1.78 0.03 0.91  6.84  0.89 35.14 0.86 1      1
1396158585  23.45  24.31 -1.09 0.07 0.77  4.77  0.97 26.28 2.14 0      1
1455171074  49.93  53.47  0.22 0.26 0.75  3.78  0.98 47.98 4.56 0      1
1770055189  32.90  32.90 -0.85 0.02 0.85  5.23  0.99 21.95 4.57 1      1
1777361799  27.28  30.21  0.19 0.28 0.72  1.76  0.96 40.90 3.46 0      1
62320152  31.61  36.42  0.40 0.23 0.69  5.43  0.98 48.72 1.77 0      1
254976845  35.08  35.08 -1.75 0.12 0.82  2.74  0.98 28.06 2.32 1      1
266107388  17.98  17.98 -0.60 0.13 0.81  4.44  0.99 20.78 4.72 0      1
321380713  29.20  29.20  1.71 0.00 0.84  4.00  0.97 50.66 3.08 1      1
459357598  15.98  15.98  1.93 0.08 0.90  3.40  0.60 12.69 0.23 1      1
558391755  41.49  45.47 -0.72 0.24 0.73  2.82  0.97 17.29 1.10 0      1
667323783  19.38  19.38 -1.74 0.00 0.91  8.49  0.99  9.85 3.11 1      1
830210748  19.55  19.55 -1.00 0.03 0.91  6.18  0.98 29.76 4.35 1      1
1051873389  13.54  16.29 -0.32 0.29 0.66  0.82  0.98 39.44 1.72 0      1
1069866402  59.29  59.29 -2.29 0.00 1.05  5.32  0.98  7.35 6.06 1      1
1252486054  26.27  26.27 -1.25 0.03 0.82  5.70  0.99 35.37 2.89 1      1
187191213  15.23  15.23  0.12 0.00 0.92  6.17  0.98 20.73 3.00 1      1
402022885  24.69  24.69 -0.07 0.00 0.86  4.94  0.99 27.59 1.45 1      1
107903944  16.95  20.64 -0.50 0.29 0.66  1.94  1.00 13.25 2.57 0      1
477553009  17.17  17.17  0.27 0.06 0.88  0.62  0.99 11.38 1.61 1      1
586308138  30.33  30.33 -0.20 0.05 0.82  4.61  0.96 48.06 1.16 1      1
91384736  63.59  72.35 -1.95 0.22 0.70  6.68  0.96  6.84 1.49 0      1
287268345  62.23  72.77 -2.50 0.29 0.73  7.21  0.41 35.68 3.02 0      1
281472403 164.85 164.85 -1.96 0.09 0.86 10.70  0.86 153.86 4.19 1      1
568171200  20.53  20.53 -1.07 0.00 0.83  7.40  0.98 19.34 2.64 1      1
362614134  22.85  22.92 -0.66 0.06 0.80  1.01  0.99 21.28 4.95 0      1
327844418 103.52 113.72  0.18 0.15 0.73  3.64  0.67 34.79 3.76 0      1
139766582  26.40  29.84 -0.38 0.29 0.71  4.74  0.99 20.74 5.37 0      1
172293011  60.28  61.68  1.88 0.15 0.78  1.94  0.39 48.31 1.21 0      1
344389620  23.92  23.92  0.44 0.06 0.86  5.26  0.89 31.11 6.20 1      1
356730706  47.71  57.19 -0.80 0.37 0.67  1.35  0.99 55.46 4.51 0      1
583412150  21.86  22.03 -1.82 0.15 0.79  2.26 -0.08 14.27 1.27 0      1
794629204  56.02  58.45 -1.90 0.15 0.77  6.38 -0.37 27.23 2.38 0      1
124020639  20.90  20.90 -1.12 0.10 0.86  3.60  1.00 18.47 4.78 1      1
88890379  12.25  12.25 -1.08 0.00 0.84  6.10  1.00 13.39 1.49 1      1
131548865  13.66  13.66 -0.15 0.16 0.80  2.63  0.62 19.37 3.99 0      1
27932388  34.25  34.25 -0.89 0.16 0.86  3.35  0.98 191.44 5.45 0      1
38156138  38.56  38.56 -1.35 0.00 0.97 21.92  0.99  9.77 1.31 1      1
76663591  23.16  23.16 -1.36 0.09 0.95  5.07  0.84  5.61 1.96 1      1
78954844  17.77  17.77  1.98 0.00 0.84  5.64  0.97 32.40 4.21 1      1
206233492  25.86  29.08 -0.64 0.31 0.71  2.68  1.00 40.87 2.65 0      1
1251025422  14.54  15.47 -1.23 0.08 0.75  1.65  0.93 15.67 4.01 0      1
1258333016  42.69  42.69 -1.91 0.00 1.04  5.73  0.92 80.45 5.75 1      1
1443742883  26.51  26.51  1.04 0.00 0.83  2.75  0.99 24.66 3.47 1      1
1535977810  80.53  80.53 -0.89 0.09 0.85 11.17  0.99 18.82 0.34 1      1
1642113531  17.45  17.45 -0.38 0.00 0.88  7.47  0.98 19.82 2.84 1      1
134422456  18.55  18.55 -0.27 0.00 0.81  1.56  0.89 21.99 4.73 1      1
535808045  20.88  20.88 -2.01 0.05 1.01 12.01  0.92 46.17 4.88 1      1
2106997126  25.21  25.21 -1.16 0.11 0.87  2.89  0.99 124.45 0.09 1      1
-2147483648  33.43  33.43 -0.61 0.04 0.82  3.18  0.97 24.42 0.05 1      1
-2147483648  15.06  15.06  0.60 0.06 0.85  3.50  1.00 21.57 3.07 1      1
-2147483648  18.96  18.96 -0.81 0.03 0.85  2.03  0.98 11.22 1.93 1      1
-2147483648  20.10  20.10 -1.81 0.00 0.85  3.70  0.91 27.50 1.01 1      1
1468978942  14.01  14.01 -0.25 0.05 0.84  2.59  0.98 60.12 0.10 1      1
1129114173 185.79 185.79  1.25 0.00 0.88 12.79  0.98  9.76 2.31 1      1
1192023440  19.48  19.48  0.81 0.04 0.98 10.14  0.98 77.45 5.48 1      1
186581101  28.11  34.73 -1.70 0.35 0.65  1.81  0.80 42.09 0.19 0      1
269814163  58.28  58.28 -1.58 0.00 1.78  2.46  0.82 33.09 0.52 1      1
308090329  32.28  32.28  1.61 0.00 0.91  4.23  0.98 14.17 0.68 1      1
391407818  19.10  19.57  0.73 0.13 0.78  3.45  0.99 13.72 1.70 0      1
594497796  40.48  40.48 -0.56 0.13 0.84  4.31  0.99 11.56 2.11 0      1
1846146787  19.30  19.30  1.43 0.00 0.93  9.87  0.89  2.37 6.22 1      1
2031594323  15.50  15.61 -2.02 0.12 0.79  4.58  0.99 14.31 0.75 0      1
695846222  31.76  31.88  0.17 0.05 0.80  6.35  1.00 19.39 2.06 0      1
926246336  15.43  15.43  0.74 0.00 0.91  7.83  0.99  0.40 1.28 1      1
968550152  31.33  31.82  2.37 0.22 0.79  4.35  0.14 30.44 1.33 0      1
994838036  27.27  27.27 -1.09 0.00 0.83 10.24  0.95 33.69 3.61 1      1
407973299  27.77  33.13  0.33 0.34 0.67  0.93  0.99  9.24 1.57 0      1
889616302  17.29  17.29 -1.67 0.06 0.83  7.04  0.87 18.49 4.84 1      1
81353667  14.94  16.94  1.82 0.18 0.71  2.82  0.69 50.23 0.71 0      1
160003491  34.87  40.63 -1.60 0.37 0.69  1.75  0.60 84.52 4.71 0      1
206922888  19.12  20.30  0.51 0.11 0.75  3.26  0.99 11.51 1.03 0      1
1150780190  29.10  29.58 -1.04 0.19 0.79  4.08  0.68 10.12 1.93 0      1
1162779371  30.99  30.99  1.72 0.07 0.95  4.41  0.89 25.41 0.26 1      1
1294676727  19.80  19.80  0.70 0.00 0.80  3.16  1.00 33.37 2.87 1      1
1412383681  28.74  28.74  0.22 0.14 0.83  4.03  0.99  8.65 2.31 0      1
1657669568  23.69  23.69 -1.09 0.02 0.90  3.91  0.99 22.82 3.15 1      1
1701859502  17.70  17.70 -0.36 0.01 0.81  0.80  1.00  7.14 2.85 1      1
39969060  24.31  24.31  1.20 0.00 0.96  9.47  0.99 37.14 3.13 1      1
49566530  26.42  29.05  0.96 0.33 0.73  2.53  0.97 16.19 2.91 0      1
-2147483648  27.88  28.89  1.21 0.17 0.77  3.56  0.91 13.18 4.08 0      1
6980398  49.94  58.13  0.41 0.35 0.69  4.38  0.89 79.55 2.81 0      1
8469934  19.74  19.74 -1.08 0.35 0.81  2.58  0.13 25.75 3.73 0      1
43611042  24.59  24.59  0.56 0.08 0.85  4.49  1.00  9.38 2.14 1      1
47415019  20.77  23.21 -0.84 0.21 0.72  3.89  0.99 12.96 2.15 0      1
126832102  14.35  14.75 -0.94 0.07 0.78  2.42  0.94 32.02 0.03 0      1
134238710  18.07  18.07  0.18 0.06 0.85  4.67  0.99 100.67 2.27 1      1
142726438  15.19  17.08  1.01 0.23 0.71  1.12  0.96 35.89 5.15 0      1
192621239  19.89  19.89  1.28 0.00 0.82  7.73  0.95 11.18 0.31 1      1
243285802  36.06  39.32  0.83 0.15 0.73  4.92  0.99 12.36 1.97 0      1
327773137  38.88  44.44 -0.09 0.35 0.70  2.06  0.99 82.56 4.86 0      1
354191159  53.55  55.57 -1.15 0.23 0.77  5.82  0.96 68.23 4.86 0      1
84199034  19.33  20.89 -0.58 0.20 0.74  1.41  0.26 19.84 1.99 0      1
217818770  25.33  30.61  0.43 0.31 0.66  3.48  0.99 32.92 0.56 0      1
337404537  17.27  18.48 -0.47 0.10 0.75  3.52  0.99 113.59 3.26 0      1
357163111  20.29  21.69  1.43 0.25 0.75  4.01  0.99 15.83 4.97 0      1
114567536  40.94  41.24  0.36 0.06 0.79  3.26  0.98 21.66 5.21 0      1
193651660  17.35  17.35  0.93 0.12 0.82  3.07  0.83 104.41 5.71 0      1
212306583  54.96  54.96  1.39 0.11 0.83  3.68  0.98 20.25 1.10 1      1
260235743  49.28  56.90 -0.71 0.34 0.69  3.26  0.99 22.82 1.75 0      1
363977575  23.19  23.19  0.88 0.02 0.84  3.20  0.99 26.70 2.17 1      1
376478015  87.64  87.64 -1.32 0.01 0.96 14.05  0.96 15.20 3.03 1      1
588484628  29.02  32.02 -0.64 0.17 0.72  2.84  0.99 41.58 0.58 0      1
690216749  17.23  17.23  0.94 0.07 0.86  2.79  0.97 35.41 1.96 1      1
709104448  33.41  35.05 -1.63 0.18 0.76  4.45 -0.19  6.65 2.99 0      1
72609701  22.41  23.18  0.14 0.06 0.77  5.00  0.70 24.95 2.45 0      1
83318087  16.73  16.73  1.01 0.00 1.01 10.97 -0.12 41.47 1.90 0      1
170637788  19.13  19.13 -0.24 0.11 0.87  4.88  1.00 26.46 5.10 1      1
456288664  40.24  44.26  0.68 0.15 0.73  1.37  0.96 54.62 4.43 0      1
153132587  44.73  44.73  1.75 0.11 0.80  5.69  0.95 11.72 5.13 1      1
158280106  31.82  31.82  1.25 0.00 0.89  9.71  0.96 20.56 2.57 1      1
158339312  22.11  22.11 -1.35 0.10 0.88  3.22  0.98 16.46 6.27 1      1
314882719  24.32  29.80  1.08 0.38 0.65  2.52  0.98 91.11 4.24 0      1
366029134  21.33  25.77  0.86 0.34 0.66  1.29  0.92 16.50 0.87 0      1
466718949  92.78  92.78  2.42 0.07 0.86  4.34  0.28  6.79 2.17 1      1
481350674 244.14 244.14 -1.00 0.00 0.97 74.85  0.97 164.41 5.75 1      1
486974778  27.61  27.61  0.72 0.00 0.89  2.55  0.99 10.68 1.67 1      1
511340257  20.90  20.90 -1.62 0.00 0.82  3.50  0.98 16.80 5.86 1      1
23860408  23.53  23.53 -2.13 0.06 0.82  6.02  0.94 18.01 3.20 1      1
324532497  30.99  30.99 -1.60 0.10 0.80  6.13  0.99 68.27 0.41 1      1
170083251  12.79  14.96  2.02 0.32 0.68  3.24  0.98 12.18 0.58 0      1
279930024  29.48  37.00 -1.06 0.39 0.64  1.73  0.98 69.78 3.66 0      1
283767718  38.23  38.24 -1.09 0.17 0.80  3.22  0.92  4.21 0.31 0      1
333771141  24.83  24.83  1.45 0.00 0.87  6.23  0.82 70.11 2.86 1      1
344671250  21.33  22.93  0.22 0.13 0.74  6.02  0.98 20.55 2.98 0      1
353869028  19.13  19.13 -0.91 0.01 0.82  4.87  0.99 13.76 1.74 1      1
127837009  29.54  29.54 -2.16 0.00 0.98 48.30  0.96 65.61 1.04 1      1
347021124  18.80  18.80  0.20 0.06 0.84  3.79  0.98 14.47 5.25 1      1
479411855  14.42  14.42 -2.27 0.00 1.06  2.16  0.87 27.95 0.58 1      1
533672593  19.60  19.60  1.01 0.00 0.89  7.28  0.96 157.63 5.36 1      1
283125438  15.73  15.73 -2.27 0.09 0.99 35.95  0.82  4.22 2.26 1      1
68073870  19.02  19.02 -0.10 0.12 0.80  4.82  0.96 19.86 5.04 0      1
194544078  13.54  13.54  0.10 0.00 0.83  7.28  0.23 50.48 1.92 0      1
206636112  17.22  17.35  0.09 0.10 0.79  1.88  0.99 12.27 1.27 0      1
314205939  31.91  31.91  0.35 0.15 0.82  4.77  0.98 25.16 0.52 0      1
333640290  25.04  27.02 -2.02 0.10 0.74  0.28  0.79 10.67 2.17 0      1
343479821  28.17  31.14 -1.65 0.14 0.72  4.66  0.80 170.56 1.29 0      1
349694896  44.13  50.35 -0.52 0.20 0.70  2.74  1.00 23.13 0.48 0      1
403601011  48.28  48.28  1.25 0.00 0.84 16.87  0.98 31.82 5.50 1      1
516826481  26.48  27.94 -1.22 0.08 0.76  1.90  0.76 31.53 0.64 0      1
134843399  16.00  20.86 -1.66 0.39 0.61  4.28  0.98 28.49 2.19 0      1
333173502  51.86  53.31 -0.77 0.15 0.78  5.94  1.00 35.81 5.39 0      1
524478845  24.40  25.60 -0.01 0.10 0.76  5.85  0.94 38.12 2.71 0      1
634202760  31.43  31.43  0.89 0.19 0.82  3.34  1.00 12.39 0.16 0      1
994998132  65.73  65.73  1.40 0.00 0.81 13.89  0.99 54.92 1.10 1      1
872101219  18.77  19.07 -0.85 0.03 0.79  4.05  1.00 22.89 2.67 0      1
509169458  37.79  46.13 -1.07 0.38 0.66  3.92  0.93 17.64 2.85 0      1
567785275  20.69  20.69 -0.56 0.00 0.86  7.64  1.00 32.47 2.67 1      1
593641878  32.56  32.56 -0.67 0.19 0.81  1.12  0.95 18.78 4.03 0      1
743310098  26.78  27.87  1.24 0.06 0.77  5.13  0.97 28.90 3.75 0      1
2401663  18.67  18.67  1.51 0.00 0.83  4.59 -0.12  4.09 3.19 0      1
75244297  20.16  21.50 -0.62 0.24 0.75  2.93  0.99 15.26 3.35 0      1
290506788  50.04  60.39 -0.51 0.28 0.66  3.74  1.00 32.65 5.01 0      1
378326293  13.36  13.36  0.16 0.00 1.12  1.53  0.99 29.08 3.72 1      1
122202220  24.55  24.55 -0.02 0.13 0.81  3.42  0.93 20.17 1.08 0      1
211438593  23.16  24.96  1.66 0.16 0.74  2.38  0.99  4.68 3.41 0      1
105316011  13.56  13.56  2.10 0.03 0.91  7.70  0.90 27.36 0.42 1      1
203553025  30.36  30.36  1.88 0.03 0.93 10.66  0.91 29.91 0.42 1      1
243126977  14.82  15.30  0.38 0.05 0.77  0.73  0.98 24.49 3.07 0      1
318788464  47.92  47.92 -1.94 0.00 0.94 11.60  0.94 84.99 3.90 1      1
451514016  14.42  14.42  0.57 0.06 0.81  3.51  0.99 46.30 2.74 1      1
1010628193  26.39  29.70  0.30 0.20 0.71  2.88  1.00 25.16 1.32 0      1
1096172997  15.82  15.82 -1.95 0.00 0.87  1.29  0.98 36.89 4.42 1      1
117117849  45.02  47.64 -0.78 0.18 0.72 11.19  0.96 36.14 0.73 0      1
384584533  39.95  40.73  0.14 0.14 0.85 10.36  0.72 27.31 1.21 0      1
560668094  22.92  22.92 -1.41 0.00 0.87  5.84  0.97 22.11 0.23 1      1
560983297  22.72  22.72 -0.14 0.19 0.81  3.01  1.00 20.85 3.60 0      1
873514088  24.64  24.64 -0.11 0.06 0.90  5.79  0.98 16.46 0.83 1      1
132931424  22.09  22.09  1.39 0.02 0.84 10.33  0.92 41.60 0.81 1      1
150634419  28.26  28.30 -0.74 0.04 0.80  5.66  0.99 26.95 2.72 0      1
266134117  17.19  17.19 -0.40 0.00 0.93 11.47  0.99 25.86 6.19 1      1
384728345  30.97  36.21 -0.20 0.24 0.68  3.04  0.99 33.64 3.70 0      1
34330886  19.43  19.43  1.01 0.00 0.94  8.30  0.49 59.71 4.33 0      1
426389597  21.24  21.24 -0.66 0.13 0.89  4.17  0.99 49.45 0.40 0      1
737185503  24.00  24.89  0.35 0.05 0.77  4.72  0.99  9.12 3.08 0      1
773297129  24.12  24.12 -1.00 0.03 0.91  8.17  0.99 13.69 4.54 1      1
126963707  14.37  14.37 -0.88 0.00 0.81  2.25  0.99 72.60 3.04 1      1
150998402  30.40  33.31  1.18 0.22 0.73  2.87  0.98 14.25 5.01 0      1
158265332  18.97  19.42  0.70 0.07 0.78  1.86  0.99 42.16 2.28 0      1
193433696  20.71  20.71 -1.45 0.00 0.82  5.32  0.89  9.22 4.13 1      1
216931714  18.74  18.74 -1.00 0.00 0.85  4.66  0.67 23.67 5.82 1      1
51503441  17.42  17.42 -1.22 0.05 0.87  2.26  0.87 24.85 0.65 1      1
185499819  49.76  59.38  1.02 0.26 0.67  2.21  0.99 28.26 1.53 0      1
1036924569  38.40  40.85  0.24 0.19 0.75  3.38  0.96 22.95 1.95 0      1
52506551  16.41  18.07 -0.25 0.13 0.73  4.20  0.99 59.58 1.93 0      1
387310115  70.03  70.03  2.03 0.00 0.98 33.49  0.95 78.39 4.27 1      1
468110020  19.80  22.06  0.96 0.18 0.72  2.90  0.99 99.63 3.54 0      1
491634260  22.91  23.37  1.07 0.18 0.78  4.04  0.83 29.50 4.23 0      1
762110398  40.74  44.18 -1.26 0.32 0.74  0.63  0.99 28.14 4.22 0      1
13646508  18.52  18.52 -0.92 0.05 1.04  5.12  0.92 14.39 0.73 1      1
79512655  24.73  30.24 -1.20 0.37 0.65  1.76  0.94 38.26 3.62 0      1
110669960  19.30  19.30  0.67 0.09 0.82  4.28  0.94 23.11 2.91 1      1
160432422 117.01 117.01 -1.29 0.01 0.96 22.10  0.98 67.88 1.50 1      1
187902518  22.70  22.77  0.31 0.10 0.80  3.33  0.99 29.81 5.53 0      1
231709926  91.45  91.45 -0.57 0.05 0.90  9.49  0.98 71.52 4.49 1      1
261486862  19.15  19.15 -1.71 0.03 0.90  3.19  0.97 16.16 3.52 1      1
354381343  59.78  59.78  0.36 0.00 1.00 62.09  0.89 117.46 6.15 1      1
38805496  24.24  29.08 -1.04 0.26 0.67  2.80  0.99 29.83 2.15 0      1
9899571  25.44  25.44 -1.63 0.06 0.97  4.26  0.97 37.50 0.67 1      1
178238038  14.89  14.89 -1.61 0.05 0.85  4.54  0.95 28.64 6.10 1      1
252634637  26.60  28.50  1.70 0.19 0.84  7.93  0.93 12.63 2.51 0      1
303854626  14.86  15.44 -0.21 0.12 0.77  0.72  0.99  6.88 0.77 0      1
324823406  64.39  64.39  0.92 0.00 0.96 17.23  0.89 74.13 1.64 1      1
389506824  17.37  17.37  1.68 0.10 0.91  2.59  0.97 41.60 0.06 1      1
419721924  17.89  18.64 -0.30 0.11 0.77  2.39  1.00 13.48 1.82 0      1
576874628  37.60  38.23 -1.14 0.09 0.79  3.81  0.97 73.81 4.23 0      1
820387475  16.97  17.78  2.15 0.10 0.76  1.10  0.90 83.87 3.79 0      1
839829047  18.40  19.88 -0.16 0.19 0.74  1.75  0.97 14.00 1.95 0      1
