1000	0	0.4299	0.4277	0.2797	0.6835	0.1980	1.0741
1000	100	0.4817	0.4785	0.3129	0.7646	0.2215	1.2124
1000	150	0.5341	0.5293	0.3447	0.8542	0.2429	1.3558
1000	200	0.5070	0.5020	0.3269	0.8101	0.2304	1.2969
1000	250	0.5426	0.5410	0.3524	0.8731	0.2483	1.3858
1000	300	0.5073	0.5059	0.3282	0.8164	0.2302	1.2957
1000	350	0.5621	0.5605	0.3611	0.9136	0.2529	1.4635
1000	400	0.5486	0.5449	0.3508	0.8881	0.2437	1.4227
1000	450	0.5701	0.5664	0.3632	0.9322	0.2511	1.4939
1000	50	0.4596	0.4551	0.3006	0.7272	0.2124	1.1530
1000	500	0.6166	0.6152	0.3856	1.0223	0.2632	1.6653
1000	550	0.6179	0.6152	0.3765	1.0419	0.2535	1.7219
1000	600	0.7164	0.7129	0.4316	1.2301	0.2868	2.0726
1000	625	0.7011	0.6973	0.4195	1.2253	0.2765	2.0713
1000	650	0.8415	0.8359	0.5029	1.4557	0.3314	2.4826
1000	675	1.1677	1.1602	0.7241	1.9278	0.4917	3.1404
1000	700	1.3462	1.3320	0.8670	2.1019	0.6062	3.2437
1000	725	1.5725	1.5430	1.0345	2.3733	0.7444	3.5779
1000	750	1.7328	1.6953	1.1476	2.5941	0.8245	3.8646
1000	775	1.5548	1.5195	1.0207	2.3130	0.7360	3.4218
1025	600	0.8056	0.8008	0.4947	1.3689	0.3316	2.2601
1025	625	0.8245	0.8242	0.4980	1.4222	0.3300	2.4132
1025	650	0.9670	0.9648	0.5879	1.6494	0.3939	2.7232
1025	675	0.9238	0.9180	0.5499	1.6132	0.3604	2.7638
1025	700	1.3245	1.3164	0.8408	2.1455	0.5785	3.4370
1025	725	1.5833	1.5703	1.0247	2.4779	0.7238	3.8239
1025	750	1.7409	1.7109	1.1506	2.6589	0.8254	3.9904
1025	775	1.9976	1.9609	1.3284	2.9849	0.9613	4.4390
1025	800	2.1542	2.1016	1.4330	3.1571	1.0385	4.6096
1050	0	0.6551	0.6504	0.4252	1.0393	0.3011	1.6478
1050	100	0.6818	0.6777	0.4431	1.0830	0.3137	1.7171
1100	0	0.9326	0.9258	0.6076	1.4682	0.4322	2.3206
1100	100	0.8730	0.8711	0.5717	1.3919	0.4066	2.1873
1100	150	0.8861	0.8789	0.5769	1.4184	0.4103	2.2513
1100	200	0.8925	0.8867	0.5820	1.4169	0.4139	2.2266
1100	250	0.8842	0.8789	0.5746	1.4044	0.4068	2.2268
1100	300	0.9142	0.9102	0.5939	1.4689	0.4195	2.3313
1100	350	0.9510	0.9492	0.6182	1.5168	0.4357	2.4263
1100	400	1.0018	0.9961	0.6462	1.6234	0.4533	2.5788
1100	450	1.0110	1.0039	0.6488	1.6362	0.4529	2.6211
1100	50	0.9327	0.9258	0.6076	1.4793	0.4322	2.3455
1100	500	1.0533	1.0430	0.6714	1.6998	0.4665	2.7461
1100	550	1.1727	1.1680	0.7464	1.9035	0.5178	3.0495
1100	600	1.2430	1.2383	0.7823	2.0379	0.5393	3.3200
1100	650	1.2431	1.2383	0.7634	2.0971	0.5103	3.4657
1100	700	1.4025	1.3945	0.8461	2.4062	0.5638	4.0543
1100	725	1.4415	1.4336	0.8661	2.4736	0.5740	4.1678
1100	750	1.5771	1.5703	0.9487	2.7345	0.6287	4.6316
1100	775	2.0547	2.0391	1.2623	3.4208	0.8483	5.6141
1100	800	2.6249	2.6016	1.7086	4.1259	1.1992	6.3437
1100	825	3.0269	2.9922	2.0061	4.6023	1.4435	6.9384
1100	850	3.1781	3.1172	2.0977	4.7449	1.5160	7.0564
1100	875	3.1450	3.0703	2.0799	4.6491	1.5052	6.8646
1125	700	1.5343	1.5273	0.9533	2.5623	0.6473	4.2052
1125	725	1.6189	1.6172	0.9854	2.7646	0.6601	4.6317
1125	750	1.6888	1.6797	1.0148	2.8982	0.6725	4.9178
1125	775	2.0688	2.0547	1.2467	3.5453	0.8307	5.9313
1125	800	2.4729	2.4609	1.5360	4.0893	1.0430	6.6614
1125	825	2.9633	2.9297	1.8860	4.6814	1.3103	7.3565
1125	850	3.2855	3.2344	2.1524	5.0006	1.5351	7.5501
1125	875	3.6752	3.6094	2.4522	5.4941	1.7694	8.1706
1125	900	4.3861	4.2656	2.8981	6.4760	2.0912	9.5460
1150	0	1.2076	1.1992	0.7871	1.9162	0.5598	3.0383
1150	100	1.2660	1.2539	0.8230	2.0036	0.5853	3.2051
1150	150	1.2042	1.1992	0.7871	1.9162	0.5598	3.0383
1150	200	1.3105	1.3008	0.8521	2.0785	0.6047	3.2956
1150	250	1.2491	1.2383	0.8127	1.9787	0.5780	3.1373
1150	300	1.2278	1.2188	0.7999	1.9474	0.5689	3.0878
1150	350	1.3728	1.3633	0.8948	2.1784	0.6364	3.4540
1150	400	1.3284	1.3203	0.8599	2.1308	0.6060	3.4114
1150	450	1.3792	1.3711	0.8930	2.2127	0.6293	3.5426
1150	50	1.1605	1.1523	0.7563	1.8413	0.5379	2.8936
1150	500	1.4570	1.4492	0.9366	2.3619	0.6538	3.7838
1150	550	1.4825	1.4766	0.9487	2.4065	0.6575	3.8877
1150	600	1.6316	1.6172	1.0329	2.6615	0.7107	4.3360
1150	650	1.6716	1.6641	1.0344	2.7917	0.6988	4.5817
1150	700	1.8375	1.8203	1.1408	3.0538	0.7786	4.9731
1150	750	1.8406	1.8359	1.1092	3.1678	0.7351	5.3375
1150	775	2.1876	2.1797	1.3281	3.7262	0.8898	6.2427
1150	800	2.2186	2.2109	1.3301	3.8854	0.8766	6.6123
1150	825	2.5639	2.5547	1.5632	4.3265	1.0528	7.0962
1150	850	3.2385	3.2031	2.0620	5.1183	1.4326	8.0431
1150	875	4.0481	3.9844	2.6515	6.1920	1.8910	9.3853
1150	900	4.7173	4.6250	3.1422	7.0032	2.2673	10.3957
1150	925	4.6550	4.5781	3.0922	6.9322	2.2444	10.2357
1175	750	2.1852	2.1797	1.3438	3.6915	0.8983	6.1463
1175	775	2.1404	2.1328	1.2990	3.6801	0.8623	6.1568
1175	800	2.6306	2.6172	1.6008	4.4741	1.0683	7.5502
1175	825	2.6493	2.6484	1.5864	4.6120	1.0397	7.8653
1175	850	3.1696	3.1406	1.9482	5.3189	1.3127	8.6576
1175	875	3.9174	3.8594	2.5299	6.1669	1.7714	9.6040
1175	900	4.3750	4.3281	2.8910	6.6572	2.0711	10.0362
1175	925	5.2560	5.1719	3.5011	7.8313	2.5152	11.6249
1175	950	5.7324	5.6094	3.8137	8.4490	2.7718	12.3833
1200	0	1.5433	1.5352	1.0076	2.4347	0.7166	3.8481
1200	100	1.6647	1.6484	1.0861	2.6340	0.7759	4.1764
1200	150	1.6901	1.6797	1.1024	2.6840	0.7841	4.2556
1200	200	1.6281	1.6172	1.0614	2.5841	0.7549	4.0608
1200	250	1.6872	1.6797	1.1024	2.6840	0.7841	4.2556
1200	300	1.6572	1.6484	1.0778	2.6340	0.7630	4.1764
1200	350	1.7545	1.7422	1.1391	2.8116	0.8064	4.4626
1200	400	1.7515	1.7422	1.1391	2.8116	0.8064	4.4626
1200	450	1.8016	1.7891	1.1652	2.8873	0.8212	4.5826
1200	50	1.5266	1.5156	0.9986	2.4037	0.7134	3.7647
1200	500	1.7785	1.7734	1.1416	2.8903	0.7932	4.6694
1200	550	2.1205	2.1172	1.3736	3.4168	0.9635	5.4703
1200	600	2.0660	2.0547	1.3279	3.3487	0.9270	5.3646
1200	650	2.2611	2.2578	1.4380	3.6798	1.0010	5.9448
1200	700	2.4221	2.3984	1.5319	3.9472	1.0540	6.4306
1200	750	2.4377	2.4297	1.5165	4.0761	1.0298	6.6897
1200	800	2.5886	2.5703	1.5780	4.4350	1.0492	7.3669
1200	825	2.7171	2.7109	1.6239	4.7641	1.0643	8.1620
1200	850	3.1390	3.1406	1.8813	5.4691	1.2329	9.3270
1200	875	4.0555	4.0156	2.4961	6.7047	1.6862	10.8774
1200	900	4.5165	4.4531	2.9081	7.1157	2.0265	10.9811
1200	925	5.6728	5.6094	3.7468	8.6279	2.6842	13.0072
1200	950	6.2329	6.1094	4.1658	9.2508	3.0189	13.5864
1200	975	5.8164	5.7031	3.8563	8.6811	2.7847	12.8426
1225	1000	7.9458	7.7812	5.2363	11.7824	3.7842	17.3044
1225	800	2.9814	2.9609	1.8103	5.1090	1.1971	8.4865
1225	825	3.1054	3.0859	1.8914	5.2755	1.2657	8.8382
1225	850	3.3036	3.2969	1.9834	5.7412	1.3072	9.7910
1225	875	3.5776	3.5781	2.1525	6.2310	1.4187	10.5536
1225	900	4.5706	4.5469	2.8495	7.5555	1.9449	12.3076
1225	925	6.1002	6.0156	3.9584	9.4925	2.7846	14.6488
1250	700	2.9992	2.9922	1.9197	4.8767	1.3383	7.8124
1250	750	3.0619	3.0469	1.9017	5.1115	1.2914	8.4539
1250	800	3.1525	3.1406	1.9602	5.2187	1.3311	8.5688
1250	850	3.4765	3.4531	2.0863	6.0133	1.3826	10.1849
1250	875	3.6297	3.6094	2.1853	6.2854	1.4522	10.6458
1250	900	4.1457	4.1094	2.4536	7.2871	1.6012	12.4553
1250	925	5.5064	5.4766	3.4321	9.1003	2.3425	14.5881
1250	950	5.9729	5.9219	3.8718	9.3918	2.7412	14.4401
1250	975	8.5317	8.4062	5.6360	12.8628	4.0554	19.2621
1275	1000	8.8887	8.7188	5.8631	13.4800	4.2061	20.1489
1275	1025	10.3509	10.1562	6.9002	15.3786	4.9789	22.7072
1275	1050	11.4173	11.1562	7.5933	16.8928	5.4910	24.8099
1275	850	3.9707	3.9531	2.4270	6.7579	1.6137	11.1574
1275	875	4.2238	4.2031	2.5815	7.1853	1.7321	12.0379
1275	900	4.8422	4.8281	2.8921	8.4077	1.8954	14.2405
1275	925	4.5246	4.5156	2.6787	8.0075	1.7330	13.6866
1275	950	6.2819	6.2812	3.9204	10.4374	2.6622	16.8670
1275	975	7.7064	7.6250	5.0363	11.9713	3.5593	18.3675
1300	0	2.8605	2.8438	1.8736	4.5440	1.3386	7.0766
1300	100	2.7921	2.7734	1.8203	4.4317	1.2946	7.0267
1300	1000	8.6594	8.5312	5.6031	13.6321	3.9324	21.0375
1300	1025	11.5194	11.3438	7.6195	17.3576	5.4946	25.9931
1300	1050	12.6265	12.4062	8.4289	18.7855	6.0820	27.8856
1300	1075	11.3387	11.0938	7.5151	16.9750	5.4385	25.2893
1300	150	2.9861	2.9766	1.9536	4.7563	1.3895	7.4742
1300	200	2.8417	2.8203	1.8511	4.5066	1.3165	7.1455
1300	250	2.8462	2.8359	1.8613	4.5316	1.3238	7.1211
1300	300	2.9474	2.9297	1.9229	4.6814	1.3676	7.4226
1300	350	2.9739	2.9609	1.9434	4.7313	1.3822	7.5017
1300	400	3.1381	3.1406	2.0573	5.0184	1.4599	7.8862
1300	450	3.1581	3.1406	2.0744	5.0184	1.4660	7.8862
1300	50	2.8769	2.8672	1.8818	4.5815	1.3384	7.1996
1300	500	3.1771	3.1719	2.0738	5.0684	1.4682	8.1077
1300	550	3.1395	3.1406	2.0322	5.0685	1.4415	8.1146
1300	600	3.5749	3.5469	2.3190	5.7241	1.6418	9.0852
1300	650	3.5820	3.5469	2.2922	5.8372	1.6003	9.3552
1300	700	3.7032	3.7031	2.3759	6.0353	1.6563	9.6686
1300	750	4.2293	4.2344	2.6752	6.9687	1.8443	11.2608
1300	800	4.1507	4.1406	2.6265	6.8144	1.8196	11.0115
1300	850	4.1996	4.1719	2.5932	7.0654	1.7519	11.5883
1300	900	4.6065	4.5781	2.7659	8.0089	1.8330	13.6905
1300	925	5.0902	5.0781	3.0746	8.7621	2.0432	14.6591
1300	950	5.4806	5.4531	3.2665	9.5830	2.1408	16.3088
1300	975	7.2739	7.2188	4.5239	11.9953	3.0877	19.3844
1325	1000	7.8941	7.8438	4.9056	13.0338	3.3397	21.0627
1325	1025	10.2008	10.0938	6.5740	16.0082	4.6329	24.6129
1325	1050	12.2671	12.0938	8.1028	18.6980	5.7870	28.0897
1325	1075	11.8964	11.6562	7.8729	17.8357	5.7143	26.4340
1325	1100	13.7839	13.4375	9.1625	20.4542	6.6400	30.0998
1325	900	5.4780	5.4531	3.3757	9.2353	2.2686	15.2620
1325	925	5.7183	5.7031	3.5014	9.7496	2.3280	16.3340
1325	950	5.9742	5.9531	3.6120	10.2719	2.4068	17.4296
1325	975	6.5597	6.5312	3.8996	11.5297	2.5449	19.7955
1350	0	3.5603	3.5469	2.3279	5.6676	1.6557	8.9063
1350	100	3.6086	3.5781	2.3559	5.7746	1.6703	9.0855
1350	1000	7.8364	7.8438	4.6833	13.7842	3.0563	23.7730
1350	1025	10.0639	10.0312	6.2864	16.5088	4.2907	26.6769
1350	1050	12.9416	12.8125	8.3989	20.3200	5.8807	31.2424
1350	1075	15.5797	15.4375	10.4268	23.3755	7.5680	34.8831
1350	1100	15.3560	15.0625	10.1965	22.9277	7.3253	33.9185
1350	1125	16.2501	15.9062	10.8068	24.0852	7.7978	35.5629
1350	150	3.8596	3.8594	2.5282	6.1669	1.7940	9.7780
1350	200	3.9405	3.9219	2.5790	6.2668	1.8384	9.8479
1350	250	3.9385	3.9219	2.5822	6.2668	1.8307	9.9363
1350	300	3.6082	3.6094	2.3599	5.7674	1.6707	9.1446
1350	350	3.9829	3.9766	2.6100	6.3542	1.8562	10.0749
1350	400	3.8769	3.8594	2.5411	6.1669	1.8015	9.7780
1350	450	4.0280	4.0156	2.6255	6.4806	1.8588	10.2859
1350	50	3.9079	3.8906	2.5584	6.1703	1.8237	9.6639
1350	500	4.1184	4.1094	2.6971	6.5664	1.9182	10.4114
1350	550	4.4622	4.4531	2.9115	7.1157	2.0613	11.2823
1350	600	4.4815	4.4766	2.9156	7.2245	2.0547	11.4666
1350	650	4.7613	4.7344	3.0835	7.6406	2.1730	12.1270
1350	700	4.9284	4.8906	3.1956	7.8927	2.2447	12.5272
1350	750	5.1676	5.1406	3.3093	8.3782	2.2992	13.5351
1350	800	5.2225	5.2031	3.3138	8.5630	2.3069	13.7237
1350	850	5.8309	5.8281	3.6524	9.6845	2.4929	15.7758
1350	900	6.4527	6.4062	3.9984	10.7473	2.7151	17.6383
1350	950	6.9472	6.9062	4.2064	11.9165	2.7922	20.0783
1350	975	6.6933	6.6562	4.0386	11.4851	2.6911	19.4883
1375	1000	7.7757	7.7812	4.6811	13.5503	3.0851	22.9507
1375	1025	8.3323	8.3438	4.9094	14.7959	3.2022	25.2895
1375	1050	11.7942	11.7188	7.3141	19.6597	4.9667	32.0156
1375	1075	13.6167	13.4375	8.7130	21.6861	6.0626	34.1201
1375	1100	17.1561	16.9062	11.2717	26.1385	8.0569	39.4650
1375	1125	16.2273	15.9062	10.7434	24.3388	7.7978	36.2598
1375	1150	18.4186	18.0625	12.1998	27.3502	8.8549	40.3838
1375	950	7.3370	7.3438	4.4936	12.4372	3.0264	20.7080
1375	975	7.8840	7.8438	4.7389	13.6591	3.1406	22.9758
1400	0	5.3126	5.2969	3.4765	8.4639	2.4726	13.4200
1400	100	5.1197	5.1094	3.3535	8.1643	2.3850	12.8298
1400	1000	8.3770	8.3438	5.0410	14.5298	3.3408	24.4404
1400	1025	9.2868	9.2812	5.5476	16.4584	3.6255	28.1310
1400	1075	13.3816	13.3125	8.2749	22.3334	5.5902	36.0862
1400	1100	15.6335	15.4375	10.0156	24.6677	7.0253	38.0678
1400	1125	20.6415	20.3125	13.7006	31.2430	9.7992	46.8629
1400	1150	20.6609	20.3125	13.8254	30.7572	9.9976	45.4143
1400	1175	23.0788	22.5625	15.3291	34.3440	11.0609	50.5397
1400	150	5.1930	5.1719	3.3945	8.2642	2.4142	12.9867
1400	200	4.8753	4.8594	3.1894	7.7648	2.2683	12.3116
1400	250	5.0396	5.0156	3.2919	8.0145	2.3413	12.5943
1400	300	4.9601	4.9531	3.2384	7.9146	2.2928	12.5491
1400	350	5.2069	5.1719	3.3945	8.3466	2.4142	13.1323
1400	400	5.3289	5.3281	3.4903	8.5138	2.4767	13.3790
1400	450	5.1662	5.1406	3.3740	8.2142	2.3996	13.0241
1400	50	4.9355	4.9062	3.2201	7.8397	2.2902	12.3197
1400	500	4.9825	4.9531	3.2509	7.9936	2.3121	12.5768
1400	550	5.6193	5.6094	3.6675	8.9633	2.5965	14.3382
1400	600	5.8477	5.8281	3.8032	9.4057	2.6864	14.9935
1400	650	5.8936	5.8906	3.8440	9.4127	2.7152	15.0571
1400	700	6.3063	6.2812	4.0989	10.1370	2.8953	16.2293
1400	750	6.0537	6.0469	3.9231	9.7588	2.7518	15.6237
1400	800	6.7795	6.7812	4.3534	10.9439	3.0595	17.5212
1400	850	7.2607	7.2188	4.6289	11.7651	3.2005	19.0068
1400	900	7.4550	7.4062	4.6932	12.3068	3.1968	20.0475
1400	950	7.9251	7.9062	4.8661	13.3898	3.2737	22.1277
1425	1000	9.6996	9.6562	5.9284	16.5075	3.9417	27.6558
1425	1025	10.1937	10.1562	6.1622	17.5242	4.1061	29.5269
1425	1050	11.5296	11.4688	6.9853	19.7889	4.6368	32.8712
1425	1075	12.1233	12.0938	7.3066	21.0601	4.8422	35.4248
1425	1100	13.8493	13.8125	8.5505	23.1722	5.7462	37.7357
1425	1125	17.4849	17.3125	11.1013	28.2158	7.6757	44.4382
1425	1150	21.3010	20.9688	14.1106	32.0852	10.1977	48.0478
1425	1175	23.6681	23.1875	15.7537	35.2954	11.3673	52.4899
1450	0	6.8758	6.8438	4.4918	10.9357	3.1946	17.1848
1450	100	6.5388	6.5312	4.2867	10.3582	3.0488	16.3714
1450	1000	10.4288	10.3438	6.3769	17.6828	4.2628	29.4097
1450	1050	11.8398	11.7812	7.1482	20.3281	4.7631	34.2511
1450	1075	12.3427	12.3438	7.4258	21.4955	4.8941	36.6583
1450	1100	13.2992	13.3125	7.9743	23.1824	5.2262	39.5353
1450	1125	16.2924	16.1875	10.1032	26.8985	6.8607	43.8169
1450	1150	21.0580	20.8125	13.5552	33.2564	9.5526	51.3222
1450	1175	28.4357	27.9375	18.8001	42.7484	13.5868	63.6863
1450	1200	29.4237	28.9062	19.6391	43.7698	14.1708	64.6281
1450	150	6.4483	6.4062	4.2046	10.2366	2.9904	16.2307
1450	200	6.4044	6.4062	4.1966	10.2366	2.9779	16.0862
1450	250	6.4687	6.4375	4.2251	10.2865	3.0050	16.3098
1450	300	6.4961	6.4688	4.2457	10.4396	3.0196	16.5695
1450	350	6.8999	6.9062	4.5328	10.9530	3.2238	17.1544
1450	400	6.8664	6.8438	4.4918	10.9357	3.1946	17.1848
1450	450	7.0454	7.0312	4.6060	11.2353	3.2684	17.8141
1450	50	6.5940	6.5312	4.3031	10.4363	3.0743	16.5474
1450	500	7.4438	7.4062	4.8610	11.9526	3.4572	18.8883
1450	550	7.4150	7.4062	4.8516	11.8345	3.4427	18.7642
1450	600	7.6644	7.6562	5.0058	12.2340	3.5440	19.5702
1450	650	7.2491	7.2188	4.7197	11.5349	3.3415	18.2892
1450	700	7.4308	7.4062	4.8423	11.9526	3.4283	18.9709
1450	750	8.3364	8.2812	5.3936	13.3647	3.8010	21.3968
1450	800	8.6822	8.6562	5.6160	13.9699	3.9393	22.3657
1450	850	9.0039	8.9688	5.8188	14.4742	4.0815	23.1732
1450	900	10.3409	10.3125	6.6386	16.8073	4.6124	27.1525
1450	950	9.8673	9.8438	6.1689	16.3572	4.2105	26.6454
1475	1050	14.1706	14.0625	8.6694	24.0401	5.7953	39.9830
1475	1075	13.0939	13.0625	7.9560	22.3305	5.2811	37.6832
1475	1100	14.6466	14.5625	8.7606	25.5914	5.7738	43.5523
1475	1125	15.3107	15.3125	9.2118	26.6652	6.0712	45.4749
1475	1150	19.4938	19.4375	12.0326	32.6089	8.0863	53.5172
1475	1175	23.7018	23.5625	15.3371	37.1811	10.7228	57.3778
1500	0	8.3494	8.3125	5.4558	13.2826	3.8802	20.8729
1500	100	8.2596	8.2188	5.3942	13.1328	3.8365	20.8228
1500	1000	12.9159	12.8750	8.0522	21.5995	5.4819	35.1745
1500	1050	14.3274	14.3125	8.8236	24.2392	5.8983	39.9067
1500	1100	15.9174	15.8125	9.5330	27.5359	6.3003	46.6388
1500	1125	16.0940	16.0625	9.6630	27.9713	6.3685	47.7023
1500	1150	19.2772	19.2500	11.5805	33.5220	7.6323	57.1685
1500	1175	22.0883	21.9688	13.7115	36.5051	9.3110	59.4658
1500	1200	28.7745	28.3750	18.5300	45.3406	12.9128	70.6105
1500	1250	38.6263	37.8125	25.7082	56.9542	18.6847	83.9282
1500	150	8.2448	8.2188	5.3942	13.1328	3.8365	20.4522
1500	200	8.6522	8.6250	5.6609	13.7819	4.0261	21.6576
1500	250	7.9449	7.9062	5.1891	12.6334	3.6906	20.0310
1500	300	8.5817	8.5312	5.5993	13.6321	3.9824	21.6145
1500	350	8.3646	8.3438	5.4658	13.3325	3.8785	21.1395
1500	400	8.5581	8.5312	5.5993	13.6321	3.9824	21.6145
1500	450	8.9083	8.8750	5.8250	14.1814	4.1428	22.4854
1500	50	9.6328	9.5938	6.2967	15.3299	4.4783	23.8738
1500	500	9.1384	9.0938	5.9685	14.5310	4.2449	23.0396
1500	550	9.6810	9.6562	6.3134	15.5837	4.4698	24.7342
1500	600	9.5932	9.5312	6.2557	15.3820	4.4492	24.2015
1500	650	9.7596	9.7188	6.3543	15.6846	4.4987	25.1110
1500	700	11.0091	10.9531	7.1613	17.6767	5.0701	28.0561
1500	750	10.3451	10.2812	6.7350	16.5924	4.7792	26.3351
1500	800	11.0554	11.0312	7.2124	17.6269	5.1063	27.9484
1500	850	10.8140	10.7812	6.9675	17.3993	4.8642	27.8562
1500	900	12.2339	12.1562	7.8867	19.8122	5.5320	31.6050
1500	950	13.5440	13.4375	8.6165	22.1146	5.9576	36.0283
1525	1100	16.3018	16.2500	9.9015	28.0387	6.6333	47.2430
1525	1125	16.8431	16.8125	10.0925	29.5454	6.6331	50.2814
1525	1150	19.8856	19.8125	11.9189	34.5016	7.8553	58.4367
1525	1175	21.9589	21.9062	13.1220	38.1476	8.5999	65.0570
1550	0	10.2502	10.2188	6.7069	16.3286	4.7701	25.6595
1550	100	11.5807	11.5312	7.5684	18.4259	5.3828	28.9552
1550	1000	16.7816	16.6875	10.7005	27.1972	7.3986	43.9377
1550	1050	18.0412	17.9062	11.2216	30.0400	7.6591	48.9198
1550	1100	19.0659	19.0625	11.8733	31.9798	8.0420	53.2968
1550	1150	19.9592	19.9688	12.0387	34.7737	7.9563	59.3030
1550	1175	22.8744	22.8125	13.7237	39.7258	9.0448	66.8220
1550	1200	21.7388	21.6875	12.8651	38.8041	8.3234	65.7365
1550	1250	41.2679	40.8125	26.8716	64.0758	19.0511	98.3111
1550	1300	49.2963	48.3750	32.9256	73.2494	23.8096	107.5790
1550	150	10.6303	10.5938	6.9530	16.9278	4.9451	26.6011
1550	200	12.0844	12.0312	7.8965	19.2248	5.6161	30.4820
1550	250	11.1407	11.0938	7.3043	17.7268	5.1785	27.8566
1550	300	12.2751	12.2188	8.0196	19.5244	5.7037	30.9570
1600	0	14.0486	14.0625	9.1943	22.4706	6.5094	35.3112
1600	100	14.4070	14.3125	9.4236	22.8700	6.6810	35.9390
1600	1000	20.9908	20.9062	13.5636	33.7396	9.5140	54.4830
1600	1050	21.4315	21.3750	13.6133	35.1777	9.4768	56.8442
1600	1100	21.7663	21.6875	13.4807	36.5564	9.1071	60.2079
1600	1150	28.4333	28.3750	17.9175	47.1503	12.2478	76.1950
1600	1200	26.4791	26.3750	15.9348	45.9295	10.5603	77.7927
1600	1250	31.1070	31.1250	18.6441	54.6975	12.2190	93.7103
1600	1300	50.0604	49.6250	32.3207	79.2961	22.7771	122.3717
1600	1350	61.5684	60.6250	40.7967	92.7650	29.4836	138.2006
1600	150	14.4862	14.4375	9.4758	23.0698	6.7394	36.2529
1600	200	13.8683	13.8125	9.0656	22.0711	6.4476	34.9949
1600	250	14.2443	14.1875	9.3117	22.6703	6.6227	35.6251
1600	300	14.2195	14.1875	9.3117	22.6703	6.6227	35.6251
1600	350	15.1130	15.0625	9.8860	24.0685	7.0311	37.8223
1600	400	16.0195	15.9766	10.4860	25.5291	7.4578	40.4777
1600	450	14.5190	14.4375	9.4758	23.0698	6.7394	36.5784
1600	50	14.0664	14.0625	9.2297	22.3024	6.5643	34.9298
1600	500	15.2626	15.1875	9.9681	24.2682	7.0895	38.4786
1600	550	15.1259	15.0625	9.8671	24.3086	7.0017	38.5821
1600	600	15.6685	15.6250	10.2552	24.9673	7.2937	39.5870
1600	650	16.1902	16.1875	10.5837	25.8661	7.4930	41.0121
1600	700	15.5211	15.4375	10.1322	24.9138	7.2062	39.5427
1600	750	18.8042	18.8125	12.3236	30.0606	8.7449	47.6627
1600	800	18.9759	18.9062	12.4088	30.2104	8.8254	47.9003
1600	850	17.0868	17.0625	11.1128	27.2643	7.8314	43.6137
1600	900	18.7934	18.6875	12.1711	30.1588	8.5773	48.2841
1600	950	18.2153	18.1875	11.8226	29.3519	8.3123	46.5867
1650	0	17.0110	16.9531	11.1056	27.0895	7.8806	42.9519
1650	100	18.5709	18.5625	12.1832	29.6611	8.6649	46.6108
1650	1000	24.6521	24.5625	15.9975	39.6402	11.2738	63.4638
1650	1050	27.0997	27.1250	17.3445	44.2082	12.1321	72.0173
1650	1100	34.6232	34.3750	22.3018	56.0242	15.6433	88.9925
1650	1150	30.7087	30.6250	19.1923	50.8890	13.0994	82.8969
1650	1200	33.9797	33.9531	21.0184	57.5020	14.1250	97.1711
1650	1250	35.9292	35.9062	21.6933	62.5273	14.3765	106.6340
1650	1300	39.1124	39.1250	23.5370	68.7562	15.5125	117.0118
1650	1350	68.2814	67.6250	44.4981	106.1715	31.3030	164.4525
1650	1400	91.3208	89.6250	60.4233	136.4246	43.7622	202.8855
1650	150	19.1720	19.0625	12.5114	30.4601	8.8983	47.8663
1650	200	21.3596	21.3125	13.9345	34.0554	9.8654	53.9967
1650	250	18.6097	18.5625	12.1832	29.6611	8.6649	47.0294
1650	300	19.8909	19.8125	13.0036	31.6585	9.2484	50.1963
1650	350	19.4770	19.4375	12.7330	31.0593	9.0354	49.2462
1650	400	19.9125	19.9062	13.0150	31.8083	9.2144	50.4338
1650	450	17.8699	17.8125	11.6461	28.7467	8.2452	45.2290
1650	50	18.7839	18.6875	12.2652	30.1588	8.7233	47.4508
1650	500	19.8339	19.8125	13.0036	31.6585	9.2484	50.1963
1650	550	18.8919	18.8125	12.3236	30.3606	8.7449	48.1877
1650	600	21.2073	21.1875	13.9061	34.1935	9.8903	53.7987
1650	650	21.2483	21.1875	13.9061	33.8556	9.8903	53.6800
1650	700	19.5464	19.4375	12.7575	31.0593	9.0734	49.2462
1650	750	23.3551	23.3125	15.2421	37.2512	10.7911	59.0638
1650	800	22.9858	22.9062	14.9765	36.6020	10.6031	58.0345
1650	850	24.8865	24.8125	16.2228	39.6481	11.4855	63.4236
1650	900	25.3203	25.1250	16.5951	40.1474	11.7283	63.6559
1650	950	26.5181	26.3750	17.1780	42.9858	12.1057	69.4446
1700	0	23.0889	22.9375	15.0547	36.6520	10.7072	58.1137
1700	100	25.4118	25.3750	16.6545	40.5469	11.8450	63.7172
1700	1000	33.1229	33.1250	21.5743	52.9306	15.2039	84.6713
1700	1050	32.9897	32.8125	21.4120	52.9545	15.1245	84.0482
1700	1100	36.6797	36.6250	23.4981	59.6912	16.3811	96.4325
1700	1150	39.2998	39.1250	25.1865	63.7657	17.4993	102.1523
1700	1200	39.6553	39.3750	24.4751	66.6844	16.5344	108.5435
1700	1250	41.3580	41.3750	25.7183	69.4118	17.3743	115.6803
1700	1300	46.6092	46.3750	28.3535	80.0182	18.7493	135.7773
1700	1350	59.1068	59.2500	35.6439	104.1229	23.4917	179.5765
1700	1400	95.4958	94.2500	61.6660	149.4756	43.0752	234.1074
1700	1450	116.0677	113.8750	77.4220	172.4295	56.2703	253.2415
1700	150	26.2146	26.1250	17.2011	41.7453	12.1951	65.0114
1700	200	22.9806	22.9062	14.9765	36.9673	10.6031	58.1629
1700	250	24.8793	24.8125	16.2853	39.6481	11.5824	62.3047
1700	300	24.1794	24.1250	15.8341	38.5495	11.2615	60.8504
1700	350	24.2403	24.1875	15.8142	38.6494	11.1962	61.2807
1700	400	24.5642	24.5625	16.0594	39.6402	11.3698	62.9161
1700	450	25.8294	25.6250	16.8831	40.9464	12.0618	64.3449
1700	50	25.6477	25.6250	16.7540	40.9464	11.8616	64.9227
1700	500	24.6890	24.6875	16.1411	39.6451	11.4276	63.1702
1700	550	26.3954	26.3750	17.2444	42.1448	12.2087	66.8228
1700	600	26.6420	26.6250	17.4079	42.5443	12.3245	67.4562
1700	650	25.6106	25.6250	16.7652	40.6399	11.9617	64.2324
1700	700	25.7989	25.6250	16.8186	41.3549	11.9617	65.6377
1700	750	27.6489	27.6250	18.1312	44.1422	12.8953	69.3670
1700	800	25.9705	25.9062	17.0032	41.3958	12.0930	65.6352
1700	850	29.5188	29.3750	19.2428	47.4069	13.6548	75.2432
1700	900	31.9711	31.8125	20.7995	51.3406	14.7257	82.1961
1700	950	35.0696	34.9688	22.8631	56.4343	16.1867	90.3511
1750	0	31.8537	31.6250	20.8224	50.5338	14.7625	80.1241
1750	100	32.6779	32.6250	21.3718	52.1317	15.1655	82.6576
1750	1000	42.0259	41.9062	27.2935	67.6304	19.2343	109.2104
1750	1050	41.7007	41.5000	27.0289	66.9748	19.0479	107.2263
1750	1100	40.5283	40.3750	26.2454	65.1592	18.4526	105.2198
1750	1150	45.1235	45.1250	28.9922	73.5445	20.0947	118.8128
1750	1200	50.6543	50.6250	32.0956	83.3155	22.0496	135.7345
1750	1250	50.0632	49.9375	31.1679	84.5727	21.1649	140.8145
1750	1300	56.4513	56.2500	34.8211	95.2634	23.4009	156.2464
1750	1350	58.5221	58.2500	35.6139	100.5080	23.5503	168.1506
1750	1400	68.7517	68.9688	41.3127	122.3018	27.0756	209.0409
1750	1450	125.0054	123.6250	79.8943	196.0629	55.7761	304.2615
1750	150	29.2453	29.1250	19.1157	46.5390	13.5955	73.1335
1750	200	31.7561	31.6250	20.7566	51.0380	14.7625	80.3013
1750	250	29.8799	29.8125	19.5294	48.1129	13.8582	75.6991
1750	300	30.8985	30.8125	20.2233	49.2355	14.3832	77.3709
1750	350	32.7853	32.6250	21.4129	52.1317	15.2292	82.6576
1750	400	30.7435	30.8125	20.1457	49.2355	14.2628	78.0656
1750	450	33.5033	33.3750	21.9051	53.3301	15.5793	83.8054
1750	50	31.4687	31.3750	20.5135	50.1343	14.5232	79.4907
1750	500	32.9778	32.9531	21.5453	52.6560	15.2537	83.4890
1750	550	34.6585	34.6250	22.6384	55.8796	16.0276	87.9189
1750	600	33.9622	33.8750	22.2333	54.1291	15.8127	85.8246
1750	650	35.8274	35.7500	23.3739	57.6952	16.5483	92.3697
1750	700	35.0309	34.9688	22.9512	55.8768	16.3233	88.5957
1750	750	36.3031	36.2500	23.7008	58.5021	16.7798	92.8533
1750	800	35.4697	35.3750	23.1287	56.5259	16.3748	90.4225
1750	850	38.2779	38.1250	25.0227	60.9202	17.7966	97.4518
1750	900	36.8101	36.7500	23.9352	59.3090	16.8677	95.7729
1750	950	40.8624	40.6250	26.6636	64.9149	18.9636	102.9262
1800	0	44.6680	44.5000	29.2069	71.1068	20.7725	111.7405
1800	100	45.8998	45.6250	30.0403	72.9045	21.2976	114.5654
1800	1000	54.4758	54.2500	35.6061	86.6864	25.3237	136.8345
1800	1050	55.7105	55.6250	36.3685	88.8835	25.7483	142.1838
1800	1100	54.8834	54.8125	35.8373	87.5852	25.3722	140.1070
1800	1150	55.7697	55.6250	35.8083	90.6573	24.8792	147.6853
1800	1200	60.5495	60.2500	39.0890	97.2345	27.4185	158.3587
1800	1250	60.8329	60.7500	38.9546	99.9786	26.9341	161.5572
1800	1300	68.4651	68.2500	43.0765	115.5863	29.1929	198.1994
1800	1350	68.9924	68.7500	42.4715	117.5292	28.4668	201.1929
1800	1400	80.4668	80.6250	49.3129	139.1152	32.9114	239.3690
1800	1450	88.8268	89.2500	53.0759	156.8433	34.7761	268.7114
1800	150	38.7894	38.6250	25.3509	61.7191	18.0300	96.9882
1800	200	41.0198	40.9062	26.8482	65.3644	19.0949	103.6388
1800	250	38.8977	38.8125	25.3762	62.6376	17.9659	99.4171
1800	300	40.9281	40.8125	26.7866	65.2146	19.0511	102.4811
1800	350	44.1824	44.1250	28.8496	70.5076	20.4250	111.7937
1800	400	43.2744	43.1250	28.3044	68.9097	20.1306	109.2601
1800	450	42.0678	41.9844	27.5558	67.0871	19.5982	106.3703
1800	50	40.9367	40.8125	26.7866	65.2146	19.0511	102.4811
1800	500	45.3881	45.3750	29.6669	72.5050	21.0037	114.9606
1800	550	44.0220	43.9062	28.7066	70.8581	20.3238	112.4645
1800	600	42.4270	42.3750	27.7055	68.3869	19.6150	108.5423
1800	650	43.5992	43.5000	28.5505	69.5089	20.3057	110.2102
1800	700	44.2291	44.1250	28.8496	71.2112	20.4250	113.0249
1800	750	46.0338	45.9062	30.0143	74.0858	21.2496	117.5875
1800	800	42.0013	41.9375	27.4194	67.0122	19.4125	107.1970
1800	850	44.8897	44.8125	29.2991	72.3207	20.7433	114.7859
1800	900	47.2430	47.1250	30.8111	75.3013	21.8137	121.5193
1800	950	49.2080	49.1250	32.1187	78.4972	22.7395	125.5691
1850	0	53.5805	53.2500	35.0168	85.0885	24.9609	133.7119
1850	100	55.1153	55.0000	36.0984	87.8849	25.6738	138.1062
1850	1000	63.5033	63.2500	41.3539	102.0760	29.2778	162.0130
1850	1050	67.3160	67.2500	43.9691	107.4592	31.1294	170.3824
1850	1100	71.5665	71.2500	46.4947	114.9869	32.8418	184.0934
1850	1150	73.7399	73.6250	47.9519	118.8197	33.7927	193.5131
1850	1200	77.8057	77.6250	50.5570	124.0375	35.6287	196.6682
1850	1250	73.6250	73.5000	47.5003	119.7899	33.1611	193.5233
1850	1300	79.4766	79.2500	50.2187	131.6884	34.2075	221.3480
1850	1350	85.4045	85.2500	54.2354	141.6585	37.1304	236.2691
1850	1400	90.6822	90.9062	56.7380	152.5068	38.5286	250.2920
1850	1450	100.4732	100.6250	60.5345	175.2288	39.8962	302.9213
1850	150	50.5892	50.5000	33.1449	80.6943	23.5732	127.9452
1850	200	52.3905	52.2500	34.2934	83.4906	24.3901	131.2009
1850	250	49.4963	49.3750	32.4065	78.8966	23.0481	123.9817
1850	300	52.7390	52.6250	34.4733	84.0898	24.4624	132.7358
1850	350	54.0841	54.2500	35.3557	87.5514	25.1118	138.9597
1850	400	54.5281	54.2500	35.6061	87.5514	25.3237	138.9597
1850	450	51.5984	51.6250	33.8832	82.4919	24.0984	129.6315
1850	50	52.8167	52.6250	34.6721	83.4605	24.7708	130.7151
1850	500	51.0561	50.9688	33.3884	81.4433	23.6925	129.1328
1850	550	54.1980	54.2500	35.5378	86.6864	25.2178	137.4460
1850	600	51.9647	51.9062	33.9371	83.7689	24.0269	131.7990
1850	650	54.3960	54.2500	35.6061	86.6864	25.3237	136.2229
1850	700	58.9554	58.8125	38.5266	94.9146	27.3386	150.6465
1850	750	59.2592	59.2500	38.4900	94.6760	27.4263	151.4497
1850	800	57.6430	57.2500	37.7193	91.4801	26.9478	143.7560
1850	850	60.4715	60.2500	39.3924	97.2345	27.8892	155.6720
1850	900	58.4828	58.2500	38.0848	94.0068	26.9634	150.5044
1850	950	62.9302	62.6250	41.1029	101.0674	29.2332	160.4121
1900	0	66.4943	66.2500	43.4821	105.8613	30.9253	167.1020
1900	100	67.0456	66.9375	43.9334	106.9599	31.2462	169.5907
1900	1000	82.8972	82.6250	54.0216	133.3444	38.2463	213.4837
1900	1050	87.5704	87.2500	56.6061	142.1996	39.7056	223.9556
1900	1100	89.5586	89.2500	58.3531	144.0362	41.3130	230.6012
1900	1150	108.5351	108.2500	70.7756	172.9734	50.1079	279.1399
1900	1200	92.9321	92.6250	60.3265	149.4829	42.5134	237.2562
1900	1250	104.2330	104.2500	67.1494	169.9061	47.0347	279.0840
1900	1300	101.4285	101.2500	64.7968	165.0167	44.6924	279.9822
1900	1350	104.5650	104.2500	66.4543	171.5683	45.6094	281.7851
1900	1400	112.4570	112.2500	69.7734	191.8931	47.1362	326.1581
1900	1450	136.0491	135.9375	84.8437	228.0525	57.6141	380.0675
1900	150	68.6081	68.6250	45.0409	109.6563	32.0339	172.3189
1900	200	72.0713	71.9688	47.2355	114.9993	33.5948	180.7151
1900	250	64.8799	64.8125	42.3755	103.5643	30.0011	164.2069
1900	300	66.1085	65.9844	43.3078	105.4369	30.8013	167.1759
1900	350	65.2818	65.2500	42.7436	104.2634	30.3311	165.3153
1900	400	72.8221	72.6250	47.6663	116.0480	33.9011	182.3629
1900	450	67.2317	67.2500	43.6870	108.5315	31.1294	172.2589
1900	50	63.5372	63.2500	41.5131	101.0676	29.5249	160.2482
1900	500	67.9493	67.8125	44.3369	108.3580	31.3898	171.8076
1900	550	67.3138	67.2500	43.9691	108.5315	31.1294	173.7583
1900	600	73.4295	73.2500	47.9842	117.0466	34.0498	185.5838
1900	650	74.3439	74.2500	48.5459	119.8284	34.3696	190.1891
1900	700	76.1798	75.9062	49.8198	121.2911	35.4328	192.3136
1900	750	69.0774	68.8125	44.9907	111.0531	31.8527	176.2612
1900	800	75.8661	75.6250	49.4449	122.0475	35.0061	195.3974
1900	850	81.2051	80.9062	52.8978	130.5706	37.4507	209.0429
1900	900	86.2875	86.2500	56.6088	137.8194	40.2612	216.5756
1900	950	84.9746	84.6250	55.3292	136.5721	39.1721	218.6513
1950	0	85.3091	85.2500	55.9525	136.2215	39.7944	214.0646
1950	100	87.0238	86.8125	56.9780	138.7182	40.5238	216.0308
1950	1000	103.7560	103.2500	67.7665	166.6301	48.1968	264.4718
1950	1050	98.2535	98.2500	63.9901	158.5608	45.0952	251.6644
1950	1100	117.0275	117.2500	75.5704	191.0934	53.3579	308.7157
1950	1150	115.5800	115.2500	74.7720	185.9963	52.4478	308.0580
1950	1200	122.7281	122.2500	79.1596	199.2424	55.3945	321.8806
1950	1250	120.1504	119.9375	78.4171	193.5612	55.5179	309.8905
1950	1300	125.3569	125.5000	80.5191	205.5397	56.1318	333.4783
1950	1350	141.7369	141.5000	89.0367	235.1282	61.0771	392.1651
1950	1400	148.0124	147.6250	92.8907	245.3060	63.7209	402.7779
1950	1450	140.5452	140.2500	88.0714	235.2872	60.2637	395.1122
1950	150	84.9823	84.9375	55.6404	135.7222	39.4827	215.1949
1950	200	87.0446	86.9375	56.8411	138.9180	40.2426	220.2620
1950	250	90.9097	90.6250	59.4803	144.8103	42.3035	227.5613
1950	300	90.0481	89.8125	58.9470	143.5120	41.9242	227.5461
1950	350	87.1629	86.9844	57.0908	138.9929	40.6040	220.3808
1950	400	86.6854	86.6250	56.6368	138.4186	40.0979	219.4703
1950	450	87.3246	87.2500	57.0455	139.4173	40.3872	221.0538
1950	50	91.3167	91.2500	59.6607	145.8090	42.2388	231.1880
1950	500	82.3999	82.2500	53.9835	131.4278	38.3940	208.3859
1950	550	90.4857	90.2500	59.1205	145.6500	41.9521	231.1727
1950	600	85.4764	85.2500	55.7378	137.5808	39.4614	220.2661
1950	650	94.5853	94.5000	61.7856	152.5089	43.7432	244.1660
1950	700	96.9234	96.6250	63.4183	154.3977	45.1042	244.8060
1950	750	96.4271	96.2500	62.9298	155.3331	44.5532	248.6876
1950	800	100.1741	99.9844	65.3714	161.3598	46.2818	258.3363
1950	850	93.0142	93.2500	60.9684	150.4916	43.1646	236.7779
1950	900	101.1123	100.8750	65.9537	162.7972	46.6941	258.3883
1950	950	99.4404	99.2500	64.8913	160.1747	45.9419	256.4389
600	250	0.0300	0.0298	0.0182	0.0521	0.0116	0.0891
600	275	0.0420	0.0415	0.0259	0.0696	0.0172	0.1125
600	300	0.0521	0.0513	0.0331	0.0819	0.0228	0.1276
600	325	0.0625	0.0610	0.0406	0.0941	0.0291	0.1409
625	275	0.0398	0.0396	0.0236	0.0695	0.0158	0.1183
625	300	0.0521	0.0513	0.0320	0.0868	0.0212	0.1424
625	325	0.0673	0.0659	0.0429	0.1064	0.0296	0.1659
625	350	0.0792	0.0776	0.0521	0.1188	0.0373	0.1770
625	375	0.0886	0.0864	0.0584	0.1309	0.0422	0.1932
625	400	0.0879	0.0854	0.0578	0.1294	0.0417	0.1900
650	200	0.0393	0.0386	0.0234	0.0672	0.0160	0.1138
650	250	0.0441	0.0435	0.0259	0.0764	0.0173	0.1300
650	275	0.0435	0.0435	0.0259	0.0757	0.0173	0.1282
650	300	0.0514	0.0513	0.0305	0.0893	0.0204	0.1523
650	325	0.0657	0.0649	0.0404	0.1089	0.0271	0.1774
650	350	0.0838	0.0825	0.0530	0.1319	0.0371	0.2072
650	375	0.1001	0.0981	0.0659	0.1510	0.0472	0.2264
650	400	0.1056	0.1030	0.0705	0.1560	0.0503	0.2303
650	425	0.1108	0.1079	0.0735	0.1625	0.0535	0.2369
675	250	0.0546	0.0542	0.0328	0.0935	0.0220	0.1565
675	275	0.0540	0.0537	0.0328	0.0927	0.0214	0.1562
675	300	0.0586	0.0581	0.0349	0.1021	0.0232	0.1738
675	325	0.0621	0.0610	0.0372	0.1073	0.0243	0.1838
675	350	0.0804	0.0796	0.0488	0.1335	0.0333	0.2191
675	375	0.1074	0.1060	0.0696	0.1672	0.0484	0.2556
675	400	0.1235	0.1216	0.0816	0.1860	0.0584	0.2786
675	425	0.1341	0.1309	0.0887	0.1981	0.0639	0.2926
675	450	0.1481	0.1440	0.0982	0.2170	0.0712	0.3163
700	0	0.0541	0.0532	0.0338	0.0884	0.0229	0.1429
700	100	0.0552	0.0552	0.0340	0.0908	0.0237	0.1479
700	200	0.0583	0.0581	0.0360	0.0966	0.0241	0.1585
700	250	0.0632	0.0630	0.0385	0.1067	0.0261	0.1789
700	300	0.0688	0.0679	0.0416	0.1182	0.0273	0.1988
700	325	0.0731	0.0728	0.0437	0.1244	0.0290	0.2099
700	350	0.0814	0.0806	0.0486	0.1403	0.0318	0.2376
700	375	0.1031	0.1021	0.0635	0.1712	0.0427	0.2788
700	400	0.1258	0.1245	0.0803	0.1990	0.0559	0.3098
700	425	0.1370	0.1343	0.0890	0.2097	0.0632	0.3168
700	450	0.1616	0.1577	0.1064	0.2413	0.0761	0.3595
700	475	0.1860	0.1812	0.1231	0.2729	0.0888	0.3977
725	300	0.0823	0.0815	0.0499	0.1407	0.0328	0.2371
725	325	0.0870	0.0864	0.0521	0.1505	0.0348	0.2532
725	350	0.0908	0.0903	0.0549	0.1559	0.0363	0.2608
725	375	0.1020	0.1011	0.0610	0.1744	0.0407	0.2959
725	400	0.1228	0.1216	0.0748	0.2040	0.0499	0.3348
725	425	0.1583	0.1558	0.1010	0.2489	0.0703	0.3876
725	450	0.1814	0.1782	0.1186	0.2770	0.0846	0.4157
725	475	0.2181	0.2139	0.1453	0.3255	0.1048	0.4841
725	500	0.2279	0.2217	0.1509	0.3339	0.1091	0.4894
750	200	0.0890	0.0884	0.0559	0.1454	0.0383	0.2370
750	250	0.0901	0.0894	0.0561	0.1499	0.0380	0.2441
750	300	0.1096	0.1084	0.0669	0.1836	0.0445	0.3057
750	350	0.1001	0.0991	0.0598	0.1726	0.0399	0.2924
750	375	0.1086	0.1079	0.0648	0.1896	0.0426	0.3227
750	400	0.1179	0.1177	0.0700	0.2068	0.0455	0.3543
750	425	0.1473	0.1460	0.0907	0.2449	0.0613	0.3958
750	450	0.1969	0.1948	0.1268	0.3074	0.0887	0.4744
750	475	0.2465	0.2432	0.1624	0.3721	0.1164	0.5572
750	500	0.2465	0.2412	0.1639	0.3662	0.1182	0.5398
750	525	0.2645	0.2588	0.1752	0.3898	0.1259	0.5744
775	350	0.1300	0.1289	0.0793	0.2204	0.0529	0.3665
775	375	0.1277	0.1265	0.0766	0.2202	0.0509	0.3756
775	400	0.1455	0.1440	0.0870	0.2508	0.0577	0.4219
775	425	0.1412	0.1401	0.0839	0.2463	0.0550	0.4191
775	450	0.2072	0.2041	0.1274	0.3392	0.0865	0.5481
775	475	0.2554	0.2510	0.1616	0.4010	0.1123	0.6245
775	500	0.2766	0.2725	0.1817	0.4191	0.1298	0.6286
775	525	0.3001	0.2939	0.1980	0.4498	0.1424	0.6701
775	550	0.3091	0.3018	0.2050	0.4569	0.1479	0.6711
800	0	0.1185	0.1167	0.0753	0.1902	0.0524	0.3047
800	100	0.1226	0.1216	0.0773	0.2001	0.0537	0.3207
800	200	0.1297	0.1284	0.0820	0.2113	0.0564	0.3443
800	250	0.1257	0.1245	0.0785	0.2069	0.0540	0.3370
800	300	0.1299	0.1284	0.0798	0.2175	0.0539	0.3567
800	350	0.1450	0.1440	0.0878	0.2485	0.0588	0.4158
800	400	0.1512	0.1509	0.0914	0.2603	0.0607	0.4386
800	425	0.1713	0.1704	0.1025	0.2968	0.0676	0.5061
800	450	0.1724	0.1714	0.1031	0.2985	0.0680	0.5055
800	475	0.2327	0.2314	0.1439	0.3883	0.0972	0.6323
800	500	0.2861	0.2822	0.1824	0.4510	0.1273	0.7087
800	525	0.3252	0.3213	0.2130	0.4993	0.1512	0.7568
800	550	0.4397	0.4277	0.2917	0.6511	0.2114	0.9632
800	575	0.3816	0.3721	0.2528	0.5634	0.1824	0.8319
825	400	0.1845	0.1831	0.1129	0.3101	0.0755	0.5163
825	425	0.2039	0.2021	0.1241	0.3456	0.0825	0.5790
825	450	0.2093	0.2080	0.1246	0.3655	0.0817	0.6179
825	475	0.2135	0.2119	0.1256	0.3758	0.0820	0.6423
825	500	0.2567	0.2549	0.1588	0.4276	0.1075	0.6909
825	525	0.3798	0.3740	0.2452	0.5902	0.1717	0.9108
825	550	0.4561	0.4473	0.2999	0.6879	0.2158	1.0319
825	575	0.5077	0.4980	0.3372	0.7541	0.2422	1.1195
825	600	0.5195	0.5059	0.3449	0.7660	0.2500	1.1310
850	200	0.1798	0.1782	0.1147	0.2905	0.0797	0.4653
850	250	0.1897	0.1880	0.1205	0.3064	0.0833	0.4950
850	300	0.1915	0.1899	0.1190	0.3156	0.0812	0.5182
850	350	0.1960	0.1953	0.1219	0.3261	0.0828	0.5332
850	400	0.2170	0.2158	0.1342	0.3621	0.0906	0.5942
850	450	0.2373	0.2354	0.1434	0.4061	0.0961	0.6794
850	475	0.2486	0.2471	0.1493	0.4263	0.0989	0.7183
850	500	0.2938	0.2920	0.1779	0.4992	0.1192	0.8302
850	525	0.3472	0.3447	0.2143	0.5728	0.1448	0.9331
850	550	0.4521	0.4473	0.2891	0.7111	0.2018	1.1015
850	575	0.4824	0.4746	0.3158	0.7357	0.2253	1.1060
850	600	0.6088	0.5957	0.4047	0.9020	0.2920	1.3248
850	625	0.5698	0.5566	0.3782	0.8429	0.2729	1.2445
875	450	0.2807	0.2783	0.1703	0.4758	0.1147	0.7971
875	475	0.2773	0.2764	0.1663	0.4813	0.1096	0.8151
875	500	0.3067	0.3057	0.1859	0.5225	0.1242	0.8754
875	525	0.3111	0.3096	0.1854	0.5440	0.1215	0.9258
875	550	0.4409	0.4355	0.2730	0.7237	0.1863	1.1602
875	575	0.5335	0.5254	0.3457	0.8291	0.2432	1.2794
875	600	0.6179	0.6113	0.4083	0.9403	0.2925	1.4176
875	625	0.6589	0.6465	0.4363	0.9841	0.3144	1.4635
875	650	0.7036	0.6855	0.4641	1.0435	0.3334	1.5356
900	0	0.2433	0.2412	0.1571	0.3893	0.1107	0.6125
900	100	0.2424	0.2412	0.1571	0.3854	0.1107	0.6111
900	200	0.2739	0.2705	0.1755	0.4366	0.1231	0.6989
900	250	0.2634	0.2617	0.1685	0.4265	0.1171	0.6833
900	300	0.2700	0.2686	0.1722	0.4377	0.1191	0.7071
900	350	0.3067	0.3037	0.1925	0.5047	0.1311	0.8221
900	400	0.3195	0.3174	0.1997	0.5274	0.1370	0.8591
900	450	0.3158	0.3135	0.1937	0.5309	0.1298	0.8839
900	500	0.3446	0.3418	0.2074	0.5898	0.1382	0.9867
900	525	0.3715	0.3691	0.2225	0.6428	0.1471	1.0888
900	550	0.3773	0.3760	0.2245	0.6607	0.1465	1.1244
900	575	0.5291	0.5254	0.3286	0.8688	0.2237	1.3984
900	600	0.6553	0.6465	0.4186	1.0330	0.2929	1.5942
900	625	0.8179	0.8047	0.5395	1.2377	0.3882	1.8659
950	350	0.3988	0.3965	0.2525	0.6462	0.1758	1.0439
950	400	0.4214	0.4199	0.2642	0.6978	0.1813	1.1367
950	450	0.4199	0.4199	0.2599	0.7045	0.1747	1.1651
950	500	0.4733	0.4707	0.2938	0.7897	0.1995	1.2960
950	550	0.4835	0.4824	0.2927	0.8324	0.1950	1.4025
950	575	0.4965	0.4941	0.2979	0.8605	0.1969	1.4575
950	600	0.5512	0.5488	0.3236	0.9732	0.2117	1.6635
950	625	0.7072	0.7012	0.4443	1.1539	0.3027	1.8494
950	650	0.9785	0.9648	0.6349	1.5225	0.4466	2.3275
950	675	1.0588	1.0430	0.6993	1.5959	0.5032	2.3960
950	700	1.0244	1.0117	0.6808	1.5400	0.4920	2.2902
950	725	1.2021	1.1758	0.7959	1.7897	0.5718	2.6337
975	550	0.6128	0.6074	0.3737	1.0384	0.2491	1.7270
975	575	0.5512	0.5488	0.3316	0.9557	0.2197	1.6076
975	600	0.6599	0.6582	0.3994	1.1357	0.2661	1.9000
975	625	0.6735	0.6699	0.3991	1.1986	0.2597	2.0306
975	650	0.8664	0.8555	0.5464	1.4079	0.3759	2.2377
975	675	1.1301	1.1211	0.7217	1.7914	0.5014	2.8151
975	700	1.3660	1.3477	0.9069	2.0514	0.6554	3.0667
975	725	1.4333	1.4023	0.9528	2.1346	0.6875	3.1745
975	750	1.4010	1.3633	0.9296	2.0643	0.6737	3.0317
