1000	0	0.2990	0.3232	0.2025	0.5320	0.1370	0.8455
1000	100	0.3143	0.3604	0.2240	0.5988	0.1513	0.9521
1000	150	0.3629	0.4043	0.2547	0.6718	0.1721	1.0595
1000	200	0.3383	0.3857	0.2408	0.6348	0.1635	1.0090
1000	250	0.3471	0.4082	0.2576	0.6718	0.1746	1.0678
1000	300	0.3564	0.3906	0.2438	0.6398	0.1656	1.0123
1000	350	0.3664	0.4355	0.2718	0.7168	0.1846	1.1393
1000	400	0.3695	0.4277	0.2681	0.6971	0.1830	1.0979
1000	450	0.4053	0.4629	0.2945	0.7544	0.2016	1.1780
1000	500	0.4925	0.5254	0.3344	0.8479	0.2309	1.3223
1000	50	0.2973	0.3447	0.2152	0.5673	0.1461	0.9017
1000	550	0.4559	0.5410	0.3442	0.8817	0.2356	1.3887
1000	600	0.5353	0.6504	0.4121	1.0600	0.2807	1.6551
1000	625	0.5575	0.6387	0.4031	1.0409	0.2732	1.6394
1000	650	0.6936	0.7715	0.4879	1.2574	0.3315	1.9633
1000	675	1.0040	0.9805	0.6275	1.5667	0.4328	2.4178
1000	700	1.1330	1.0664	0.6888	1.7040	0.4770	2.6297
1000	725	1.2423	1.2383	0.8056	1.9540	0.5587	2.9588
1000	750	1.5222	1.3320	0.8525	2.1285	0.5880	3.2847
1000	775	1.9313	1.2070	0.7770	1.9480	0.5399	2.9841
1025	600	0.6420	0.7090	0.4511	1.1555	0.3088	1.7886
1025	625	0.6867	0.7402	0.4672	1.2064	0.3166	1.9001
1025	650	0.7891	0.8555	0.5442	1.3942	0.3726	2.1581
1025	675	0.6861	0.8320	0.5193	1.3560	0.3526	2.1357
1025	700	1.0075	1.0898	0.6988	1.7415	0.4832	2.6629
1025	725	1.3233	1.2695	0.8205	2.0134	0.5728	3.0668
1025	750	1.4389	1.3164	0.8498	2.1035	0.5836	3.2165
1025	775	2.2660	1.5703	1.0109	2.4904	0.7023	3.7934
1025	800	2.4464	1.6797	1.0855	2.6505	0.7578	4.0135
1050	0	0.4473	0.4902	0.3047	0.8146	0.2059	1.2953
1050	100	0.4498	0.5137	0.3193	0.8454	0.2157	1.3437
1100	0	0.6110	0.6934	0.4310	1.1521	0.2912	1.8320
1100	100	0.5482	0.6348	0.3913	1.0649	0.2616	1.7071
1100	150	0.5861	0.6465	0.3986	1.0846	0.2664	1.7249
1100	200	0.5688	0.6660	0.4140	1.0961	0.2797	1.7422
1100	250	0.5991	0.6660	0.4140	1.0961	0.2797	1.7422
1100	300	0.5719	0.6797	0.4208	1.1294	0.2828	1.8105
1100	350	0.5977	0.7051	0.4383	1.1716	0.2961	1.8629
1100	400	0.6605	0.7637	0.4766	1.2568	0.3237	1.9976
1100	450	0.6515	0.7715	0.4805	1.2820	0.3255	2.0384
1100	500	0.6967	0.8242	0.5223	1.3564	0.3558	2.1200
1100	50	0.6016	0.6816	0.4202	1.1435	0.2809	1.8187
1100	550	0.7924	0.9414	0.5965	1.5343	0.4063	2.4164
1100	600	0.8508	1.0273	0.6536	1.6744	0.4475	2.6144
1100	650	0.8475	1.0586	0.6708	1.7337	0.4569	2.7201
1100	700	1.0661	1.2617	0.7995	2.0563	0.5446	3.2386
1100	725	1.1887	1.3008	0.8243	2.1200	0.5615	3.3102
1100	750	1.2077	1.4180	0.8886	2.3110	0.6065	3.6397
1100	775	1.8015	1.7891	1.1382	2.8873	0.7792	4.5028
1100	800	2.1157	2.1016	1.3672	3.3330	0.9482	5.0767
1100	825	2.6675	2.3516	1.5240	3.7576	1.0518	5.6928
1100	850	3.4933	2.5078	1.6144	3.9773	1.1217	6.0581
1100	875	3.5818	2.3203	1.4732	3.7446	1.0061	5.8399
1125	700	1.1034	1.3047	0.8300	2.1264	0.5683	3.2914
1125	725	1.1717	1.4570	0.9270	2.3514	0.6346	3.6672
1125	750	1.3898	1.4961	0.9443	2.4383	0.6399	3.8402
1125	775	1.6608	1.8281	1.1584	2.9795	0.7891	4.6522
1125	800	2.0503	2.1328	1.3676	3.4080	0.9456	5.2594
1125	825	2.3699	2.3984	1.5440	3.8325	1.0727	5.8603
1125	850	3.0411	2.5859	1.6582	4.1321	1.1465	6.2601
1125	875	3.4286	2.7578	1.7545	4.4507	1.2012	6.9411
1125	900	4.7924	3.3906	2.1742	5.4179	1.5033	8.3610
1150	0	0.7397	0.8711	0.5370	1.4753	0.3590	2.3646
1150	100	0.7947	0.9180	0.5648	1.5400	0.3765	2.4688
1150	150	0.7460	0.8633	0.5300	1.4483	0.3524	2.3401
1150	200	0.8708	0.9727	0.6046	1.6162	0.4084	2.5909
1150	250	0.7994	0.9102	0.5634	1.5124	0.3786	2.4244
1150	300	0.7748	0.9023	0.5586	1.4994	0.3754	2.4036
1150	350	0.8668	1.0039	0.6237	1.6842	0.4176	2.6785
1150	400	0.8473	0.9883	0.6143	1.6422	0.4150	2.6112
1150	450	0.9451	1.0430	0.6483	1.7165	0.4380	2.7282
1150	500	0.9881	1.1289	0.7100	1.8579	0.4829	2.9530
1150	50	0.7239	0.8555	0.5285	1.4215	0.3542	2.2787
1150	550	1.0531	1.1680	0.7349	1.9222	0.5041	3.0042
1150	600	1.2025	1.3164	0.8342	2.1455	0.5682	3.3790
1150	650	1.1697	1.4258	0.9035	2.3237	0.6154	3.6283
1150	700	1.2598	1.5508	0.9866	2.5027	0.6754	3.9031
1150	750	1.3996	1.6797	1.0644	2.7375	0.7250	4.2744
1150	775	1.6645	1.9141	1.2177	3.1195	0.8337	4.8287
1150	800	1.6423	1.9453	1.2253	3.2015	0.8283	5.0461
1150	825	1.9044	2.1953	1.3911	3.5779	0.9476	5.5866
1150	850	3.1349	2.6484	1.7049	4.2320	1.1846	6.4711
1150	875	4.2608	3.3594	2.1980	5.2742	1.5353	7.9378
1150	900	4.6982	3.6719	2.3545	5.8234	1.6280	8.8701
1150	925	4.7504	3.4219	2.1608	5.5770	1.4770	8.7079
1175	750	1.6500	1.9297	1.2277	3.1450	0.8405	4.9106
1175	775	1.6342	1.9297	1.2161	3.1450	0.8292	4.9532
1175	800	2.0290	2.3203	1.4659	3.7446	1.0106	5.8917
1175	825	1.9550	2.3984	1.5138	3.9472	1.0259	6.1692
1175	850	2.6962	2.7109	1.7315	4.3750	1.1913	6.7626
1175	875	2.8294	3.1406	2.0218	5.0184	1.4047	7.6738
1175	900	3.6365	3.3594	2.1541	5.3947	1.4894	8.2947
1175	925	5.1168	3.9844	2.5449	6.3667	1.7509	9.8252
1175	950	6.7206	4.2344	2.6992	6.8336	1.8525	10.5630
1200	0	0.9601	1.1133	0.6863	1.8677	0.4588	3.0178
1200	100	1.0261	1.1992	0.7363	2.0118	0.4895	3.2252
1200	150	1.0338	1.2148	0.7458	2.0381	0.4959	3.2931
1200	200	1.0473	1.2070	0.7472	2.0057	0.5021	3.2152
1200	250	0.9960	1.2070	0.7383	2.0249	0.4927	3.2719
1200	300	1.0181	1.2070	0.7441	2.0249	0.4974	3.2462
1200	350	1.0644	1.2617	0.7746	2.1167	0.5150	3.4201
1200	400	1.1458	1.3047	0.8093	2.1680	0.5453	3.4472
1200	450	1.0999	1.3555	0.8425	2.2307	0.5692	3.5456
1200	500	1.1366	1.3633	0.8491	2.2653	0.5751	3.6020
1200	50	0.9233	1.0820	0.6593	1.8152	0.4417	2.9331
1200	550	1.3614	1.6016	1.0032	2.6613	0.6788	4.1971
1200	600	1.3866	1.6016	0.9996	2.6358	0.6788	4.1544
1200	650	1.5340	1.7891	1.1337	2.9158	0.7722	4.5922
1200	700	1.6180	1.9453	1.2327	3.1705	0.8397	4.9933
1200	750	1.9475	2.0391	1.2972	3.3233	0.8881	5.2339
1200	800	1.8516	2.2422	1.4208	3.6543	0.9678	5.7059
1200	825	2.0183	2.4453	1.5324	3.9854	1.0459	6.2767
1200	850	2.1559	2.7812	1.7492	4.5329	1.1896	7.1390
1200	875	3.5566	3.4219	2.1770	5.4678	1.4904	8.4381
1200	900	3.9359	3.6406	2.3253	5.8174	1.5999	8.9775
1200	925	4.9244	4.3594	2.8143	6.9659	1.9328	10.6516
1200	950	7.5979	4.8281	3.0959	7.6572	2.1406	11.6633
1200	975	6.3234	4.3281	2.7426	7.0540	1.8682	11.0141
1225	1000	8.9576	6.0781	3.9051	9.7123	2.7067	14.8512
1225	800	2.4074	2.6250	1.6601	4.2782	1.1279	6.7379
1225	825	2.5012	2.7422	1.7325	4.4255	1.1944	6.9629
1225	850	2.5186	3.0234	1.9025	4.9276	1.3050	7.6940
1225	875	2.5231	3.1719	2.0099	5.2201	1.3691	8.1586
1225	900	3.4348	3.7969	2.4251	6.1881	1.6685	9.5785
1225	925	4.9356	4.8594	3.1221	7.7648	2.1639	11.8733
1250	700	2.0154	2.3516	1.4901	3.8326	1.0150	6.0361
1250	750	2.3712	2.5391	1.6089	4.1786	1.0960	6.5863
1250	800	2.3325	2.6172	1.6650	4.2655	1.1399	6.7179
1250	850	2.7424	3.1406	1.9682	5.1186	1.3434	8.0614
1250	875	2.8252	3.2344	2.0342	5.2714	1.3835	8.2664
1250	900	3.1836	3.7969	2.3879	6.2487	1.6241	9.7663
1250	925	4.1044	4.4531	2.8330	7.2577	1.9395	11.2340
1250	950	4.8257	4.8125	3.0980	7.6899	2.1525	11.7588
1250	975	7.9350	6.8438	4.4863	10.7447	3.1412	16.1710
1275	1000	10.4478	6.9062	4.4285	11.0355	3.0620	17.0303
1275	1025	11.3922	8.0938	5.1899	12.9331	3.5884	19.7761
1275	1050	14.3351	8.5938	5.4781	13.8690	3.7598	21.4378
1275	850	3.1356	3.4844	2.2123	5.6788	1.5108	8.8670
1275	875	3.3461	3.6719	2.3360	5.9844	1.5993	9.3441
1275	900	3.6854	4.3594	2.7514	7.1744	1.8647	11.2131
1275	925	3.3566	4.1094	2.5543	6.7630	1.7256	10.7492
1275	950	5.0870	5.2656	3.3500	8.5399	2.2934	13.2683
1275	975	6.5397	6.0781	3.8975	9.7123	2.6948	14.8512
1300	0	1.7530	2.0312	1.2424	3.4401	0.8292	5.5567
1300	1000	6.4404	6.9688	4.4861	11.0521	3.1169	16.9928
1300	100	1.8072	1.9922	1.2185	3.3739	0.8132	5.4498
1300	1025	11.1043	9.2188	6.0202	14.5470	4.1953	21.8167
1300	1050	13.1083	9.5312	6.0637	15.3820	4.1513	23.7765
1300	1075	12.9270	8.4062	5.3268	13.7005	3.6285	21.3920
1300	150	1.7508	2.0859	1.2656	3.5327	0.8433	5.7502
1300	200	1.7148	2.0234	1.2371	3.4268	0.8181	5.5353
1300	250	1.7666	2.0547	1.2641	3.4470	0.8427	5.5696
1300	300	1.7726	2.0781	1.2706	3.5195	0.8402	5.6849
1300	350	1.8363	2.1484	1.3190	3.6043	0.8770	5.8238
1300	400	1.8541	2.2266	1.3590	3.7531	0.9045	6.0398
1300	450	1.9240	2.2578	1.3862	3.7878	0.9216	6.1202
1300	500	1.9242	2.3359	1.4431	3.8816	0.9672	6.2223
1300	50	1.7531	2.0391	1.2419	3.4533	0.8244	5.6210
1300	550	1.9230	2.3359	1.4401	3.9188	0.9627	6.2325
1300	600	2.3205	2.6641	1.6593	4.3844	1.1239	6.9686
1300	650	2.3197	2.7578	1.7213	4.5826	1.1688	7.2272
1300	700	2.4020	2.8203	1.7531	4.6640	1.1843	7.4453
1300	750	2.8405	3.3594	2.0967	5.5287	1.4238	8.7874
1300	800	2.8316	3.2656	2.0465	5.3223	1.3968	8.4543
1300	850	3.1563	3.6406	2.3161	5.9335	1.5857	9.2646
1300	900	3.5800	4.1406	2.6134	6.8144	1.7711	10.7407
1300	925	3.7210	4.5156	2.8514	7.3595	1.9491	11.4913
1300	950	4.0889	4.9219	3.0941	8.1001	2.0860	12.7673
1300	975	5.7135	6.0781	3.8822	9.8092	2.6711	15.1624
1325	1000	5.9030	6.5938	4.1783	10.6413	2.8461	16.5957
1325	1025	8.6418	8.2188	5.2908	13.0345	3.6760	19.8540
1325	1050	10.8580	9.7812	6.2966	15.5126	4.3748	23.6286
1325	1075	11.7396	9.2188	5.9113	14.6205	4.0872	22.4793
1325	1100	15.2140	10.2188	6.5140	16.4915	4.4707	25.4915
1325	900	4.1827	4.7969	3.0517	7.8179	2.0893	12.2070
1325	925	4.2960	4.9531	3.1511	8.0726	2.1573	12.7138
1325	950	4.5295	5.3594	3.3961	8.7347	2.3133	13.6384
1325	975	4.9148	6.0156	3.7817	9.9001	2.5496	15.4733
1350	0	2.1222	2.4766	1.4963	4.2337	0.9916	6.8869
1350	1000	6.0807	7.0312	4.4201	11.5716	2.9800	18.3922
1350	100	2.1406	2.5234	1.5246	4.3139	1.0104	7.0172
1350	1025	7.1686	8.4688	5.4304	13.6673	3.7547	20.9371
1350	1050	10.7534	10.5312	6.7794	16.8280	4.7103	25.7319
1350	1075	12.8960	12.0312	7.7409	19.2248	5.3342	29.1257
1350	1100	18.9999	12.4062	8.0288	19.6757	5.5731	29.9698
1350	1125	16.9426	11.8438	7.5051	19.3029	5.1122	30.1397
1350	150	2.2888	2.7266	1.6508	4.6176	1.0970	7.5162
1350	200	2.3326	2.7656	1.6845	4.6838	1.1181	7.6239
1350	250	2.3453	2.8047	1.7148	4.7499	1.1339	7.7316
1350	300	2.1601	2.5547	1.5619	4.3265	1.0329	6.9886
1350	350	2.3550	2.7891	1.6922	4.7679	1.1276	7.7559
1350	400	2.2945	2.7578	1.6861	4.6706	1.1150	7.5443
1350	450	2.3635	2.9141	1.7823	4.8887	1.1895	7.8991
1350	500	2.4204	2.9922	1.8447	5.0198	1.2331	7.9834
1350	50	2.3288	2.7578	1.6733	4.6706	1.1150	7.6024
1350	550	2.6571	3.1406	1.9169	5.3189	1.2759	8.5915
1350	600	2.6973	3.2656	2.0132	5.4785	1.3458	8.7826
1350	650	2.8534	3.4531	2.1376	5.7931	1.4366	9.2868
1350	700	3.0660	3.6406	2.2630	6.0496	1.5288	9.6192
1350	750	3.4933	4.0469	2.5361	6.6601	1.7310	10.4975
1350	800	3.5607	4.0469	2.5258	6.6601	1.7152	10.5857
1350	850	4.0164	4.8594	3.0685	7.9198	2.0975	12.3660
1350	900	4.8466	5.4531	3.4692	8.8875	2.3751	13.8770
1350	950	5.1888	6.2344	3.9229	10.1608	2.6910	15.8651
1350	975	5.0836	5.8906	3.7066	9.6005	2.5426	15.1202
1375	1000	5.8283	6.9375	4.3787	11.4173	2.9674	17.9957
1375	1025	6.2177	7.5312	4.6909	12.5146	3.1772	19.7367
1375	1050	8.8409	10.1562	6.4869	16.3907	4.4632	25.1091
1375	1075	10.7614	11.0938	7.1136	17.7268	4.9185	27.3564
1375	1100	15.1272	13.5625	8.8231	21.5094	6.1190	32.4546
1375	1125	13.7454	12.1562	7.7031	19.6184	5.2471	30.3247
1375	1150	17.7199	13.6875	8.7079	22.3078	5.9615	34.5299
1375	950	5.3060	6.2344	3.9229	10.1608	2.6910	16.0026
1375	975	5.8853	6.9062	4.3676	11.3659	2.9675	17.8394
1400	0	3.2195	3.7031	2.2468	6.3306	1.4972	10.2977
1400	1000	6.4443	7.6250	4.8126	12.4272	3.2615	19.5721
1400	100	3.0376	3.5781	2.1618	6.1169	1.4326	9.9501
1400	1025	7.3768	8.5938	5.3637	14.1431	3.6423	22.2920
1400	1075	10.2952	11.2812	7.2054	18.2063	4.9576	28.1420
1400	1100	13.4548	12.8125	8.2480	20.3200	5.7306	30.9511
1400	1125	17.7795	16.1875	10.4905	25.6725	7.2401	38.7361
1400	1150	18.3205	15.6875	10.0198	25.0672	6.8939	38.6843
1400	1175	24.0450	17.6875	11.3417	28.2630	7.8419	43.6161
1400	150	3.1377	3.6719	2.2450	6.2771	1.4845	10.1345
1400	200	2.9535	3.4062	2.0623	5.8230	1.3705	9.4722
1400	250	3.0367	3.5156	2.1494	6.0100	1.4214	9.7032
1400	300	2.9809	3.5156	2.1405	6.0100	1.4076	9.7032
1400	350	2.9625	3.6406	2.2166	6.2237	1.4577	10.1239
1400	400	3.2084	3.7500	2.2705	6.4107	1.5088	10.4281
1400	450	3.0503	3.6719	2.2279	6.2186	1.4845	10.0448
1400	500	2.8929	3.5469	2.1603	6.0634	1.4340	9.8632
1400	50	2.9716	3.4531	2.0863	5.9032	1.3826	9.6025
1400	550	3.5675	4.1094	2.5334	6.8940	1.6935	11.1393
1400	600	3.6134	4.3281	2.6484	7.2610	1.7837	11.6400
1400	650	3.4785	4.2656	2.6297	7.1561	1.7579	11.4720
1400	700	3.9861	4.6406	2.8727	7.7112	1.9306	12.3614
1400	750	3.8402	4.5469	2.8205	7.5555	1.9005	12.1117
1400	800	4.3855	5.1094	3.1759	8.4902	2.1455	13.4999
1400	850	4.6640	5.6406	3.5349	9.2830	2.4127	14.6317
1400	900	5.1505	6.0156	3.7986	9.9001	2.5966	15.6044
1400	950	5.5971	6.7812	4.2971	11.0520	2.9271	17.2568
1425	1000	7.1692	8.2812	5.2003	13.4967	3.5583	21.2565
1425	1025	7.2114	8.9062	5.6212	14.6574	3.8095	23.1026
1425	1050	8.1811	9.9062	6.2773	16.1452	4.2759	25.4276
1425	1075	8.5406	10.7812	6.8047	17.5712	4.6115	27.6736
1425	1100	10.1862	11.5938	7.3209	18.8954	5.0043	29.5035
1425	1125	13.0066	14.1875	9.0617	22.8965	6.2347	35.3918
1425	1150	17.4884	16.3125	10.4600	25.9358	7.2323	39.4340
1425	1175	21.9017	17.9375	11.4117	28.9484	7.8126	44.7465
1450	0	4.0010	4.7031	2.8354	8.1151	1.8739	13.2865
1450	1000	7.4475	9.1562	5.8021	14.9228	3.9522	23.5025
1450	100	3.9019	4.5469	2.7471	7.7730	1.8205	12.6441
1450	1050	9.1110	10.5938	6.7130	17.2656	4.5727	26.9587
1450	1075	8.9011	11.0938	7.0019	18.2574	4.7452	28.5351
1450	1100	9.6579	11.9062	7.4579	19.5946	5.0462	30.8846
1450	1125	13.0566	14.0625	8.9819	22.6948	6.1798	35.0800
1450	1150	16.0995	16.6875	10.6585	26.6651	7.3334	41.1502
1450	1175	31.5419	23.0625	15.0607	36.2082	10.4952	54.4940
1450	1200	28.9402	22.8125	14.6567	36.1794	10.1587	55.1081
1450	150	3.9934	4.5781	2.7659	7.7534	1.8330	12.7167
1450	200	3.7380	4.4531	2.6847	7.6127	1.7743	12.4760
1450	250	3.8169	4.5469	2.7471	7.7730	1.8205	12.6441
1450	300	3.6976	4.4844	2.7093	7.7376	1.7955	12.6686
1450	350	3.9240	4.7969	2.8981	8.2003	1.9206	13.3393
1450	400	4.1109	4.8594	2.9484	8.2297	1.9646	13.3957
1450	450	4.1156	5.0156	3.0432	8.4943	2.0278	13.7208
1450	500	4.3829	5.2344	3.1759	8.9482	2.1162	14.4470
1450	50	3.9980	4.6406	2.8037	7.9332	1.8581	12.9048
1450	550	4.2495	5.2812	3.2357	8.9442	2.1455	14.4474
1450	600	4.5093	5.3594	3.2518	9.1619	2.1668	14.7920
1450	650	4.3458	5.2188	3.2173	8.7551	2.1507	14.0353
1450	700	4.3927	5.3594	3.3040	8.9910	2.2086	14.5276
1450	750	5.1483	6.1719	3.8206	10.3049	2.5676	16.4537
1450	800	5.5215	6.4688	4.0044	10.7490	2.6911	17.0917
1450	850	5.6092	6.7812	4.2152	11.1602	2.8476	17.7383
1450	900	6.3745	7.9531	4.9638	13.0888	3.3708	20.8036
1450	950	6.8015	8.2812	5.2476	13.4967	3.5745	21.0739
1475	1050	10.9470	12.3438	7.7945	20.1178	5.3281	31.4121
1475	1075	10.3678	11.6562	7.3863	18.9973	5.0313	29.6626
1475	1100	11.4507	13.4375	8.4511	21.9004	5.7477	34.4917
1475	1125	11.3404	13.4375	8.4812	22.1146	5.7477	35.1495
1475	1150	15.5031	16.9062	10.7556	27.2842	7.3635	42.5509
1475	1175	19.6127	19.0625	12.2234	30.4601	8.4515	47.0068
1500	0	4.8538	5.7969	3.4873	9.9098	2.2984	16.2407
1500	1000	8.9931	10.5000	6.6271	17.2803	4.4912	27.2368
1500	100	4.7325	5.6875	3.4289	9.8136	2.2661	16.0675
1500	1050	10.0169	12.0938	7.5790	19.9032	5.1729	31.3710
1500	1100	11.9023	14.0625	8.8128	23.1432	6.0150	36.1713
1500	1125	12.6267	14.6875	9.2701	23.9376	6.2823	37.7003
1500	1150	14.5073	17.3125	10.9487	28.2158	7.4390	44.4382
1500	1175	16.9437	18.6875	11.8888	30.1588	8.1393	47.0341
1500	1200	23.4380	23.4375	15.0878	37.4509	10.4828	57.2668
1500	1250	40.1962	30.3750	19.6849	48.1732	13.5857	72.6863
1500	150	4.8560	5.7656	3.4834	9.8564	2.3085	16.0332
1500	200	4.8757	5.9844	3.6078	10.2304	2.3844	16.7660
1500	250	4.6039	5.4844	3.3135	9.4193	2.1959	15.4297
1500	300	5.1507	5.9844	3.6155	10.2304	2.3961	16.7660
1500	350	4.9327	5.8594	3.5675	10.0167	2.3460	16.2939
1500	400	4.9710	5.9844	3.6155	10.2304	2.3961	16.7660
1500	450	5.3550	6.2812	3.7949	10.6377	2.5150	17.3153
1500	500	5.2407	6.4688	3.9249	10.9553	2.6153	17.8322
1500	50	5.7082	6.7188	4.0592	11.4858	2.6901	18.6837
1500	550	5.6246	6.9062	4.2401	11.6962	2.8192	19.0382
1500	600	5.5611	6.8438	4.1842	11.5904	2.7669	18.7218
1500	650	5.7056	7.0000	4.2798	11.8550	2.8301	19.2966
1500	700	6.8300	8.0312	4.9512	13.4734	3.3098	21.5992
1500	750	6.0019	7.4688	4.5949	12.5298	3.0634	20.2455
1500	800	6.6934	8.2188	5.0877	13.6570	3.4191	21.7155
1500	850	6.5948	8.2188	5.1296	13.6570	3.4833	21.7155
1500	900	7.7753	9.3438	5.8556	15.3774	3.9966	24.2375
1500	950	9.8353	10.7812	6.8047	17.7431	4.6115	27.9664
1525	1100	12.0677	14.3125	8.9877	23.3264	6.1499	36.7377
1525	1125	12.0658	15.1875	9.4791	24.9947	6.4369	39.3961
1525	1150	14.0420	17.8125	11.2873	29.0307	7.6886	45.7216
1525	1175	14.9758	19.3125	12.0537	31.7833	8.1852	50.0963
1550	0	5.7594	6.9688	4.1923	12.0243	2.7630	19.8303
1550	1000	10.9629	13.1875	8.2308	21.7032	5.5892	34.2081
1550	100	6.6459	7.9062	4.7767	13.6419	3.1656	22.4980
1550	1050	13.3606	15.0625	9.5447	24.5488	6.5016	38.6628
1550	1100	12.9060	15.9062	10.0994	25.9239	6.8969	40.8286
1550	1150	14.0596	17.9766	11.3460	29.5847	7.6892	46.2390
1550	1175	16.6658	20.6250	13.0176	33.6145	8.8220	52.9408
1550	1200	15.2670	19.8125	12.4050	32.9221	8.3197	52.3483
1550	1250	38.0173	33.1250	21.5083	52.9306	14.8804	80.1902
1550	1300	40.1368	37.1250	23.7005	59.9142	16.1697	91.7835
1550	150	6.1808	7.2812	4.3803	12.5635	2.8869	20.5699
1550	200	7.1158	8.4062	5.0571	14.3706	3.3329	23.7261
1550	250	6.4670	7.7188	4.6634	13.1953	3.0905	21.6251
1550	300	7.1357	8.5312	5.1323	14.5843	3.3825	23.9014
1600	0	7.9656	9.5312	5.7339	16.5978	3.7790	27.3382
1600	1000	13.8186	15.8125	9.7886	26.2754	6.5782	41.9500
1600	100	8.3814	9.7812	5.8590	16.8772	3.8399	27.8335
1600	1050	13.9175	16.6875	10.3728	27.9954	7.0074	44.8793
1600	1100	14.5007	18.4375	11.5957	30.3433	7.8864	47.8265
1600	1150	18.2358	23.1875	14.7809	37.4212	10.1445	58.8771
1600	1200	19.9623	23.9531	15.0721	39.0387	10.3391	61.4835
1600	1250	23.4295	28.6250	17.8659	47.1093	12.1321	73.9407
1600	1300	41.9268	39.8125	25.5289	63.6166	17.6512	98.1748
1600	1350	54.8043	46.6250	29.5451	75.9892	20.1252	117.6223
1600	150	8.7039	10.2188	6.2217	17.4691	4.0915	28.4166
1600	200	7.8751	9.4062	5.6587	16.2301	3.7294	26.9598
1600	250	8.1300	9.8438	5.9219	16.9850	3.9029	28.0114
1600	300	8.2287	9.7812	5.8969	16.8772	3.8972	27.8335
1600	350	8.4206	10.4062	6.2737	17.9556	4.1462	29.3981
1600	400	9.0076	10.9688	6.5986	18.9261	4.3489	31.2127
1600	450	8.1097	10.0312	6.0347	17.3085	3.9772	28.3388
1600	500	8.5681	10.7188	6.5010	18.3239	4.2917	30.0300
1600	50	7.8447	9.5312	5.7093	16.4458	3.7418	27.1221
1600	550	8.5827	10.6562	6.4381	18.2170	4.2667	29.8549
1600	600	8.7153	10.7812	6.5275	18.4307	4.3378	30.2051
1600	650	9.2556	11.3750	6.8870	19.4457	4.5767	31.6319
1600	700	8.7608	10.8438	6.5514	18.5376	4.3417	30.1546
1600	750	10.3937	13.4375	8.2156	22.7574	5.4327	36.7598
1600	800	11.5682	13.8125	8.4977	23.1722	5.6653	37.1473
1600	850	9.5025	12.1562	7.4633	20.5875	4.9622	33.2548
1600	900	11.4488	13.6875	8.4557	23.0716	5.6675	37.1291
1600	950	10.2670	13.3125	8.2410	22.3334	5.5382	35.8026
1650	0	9.4581	11.5312	6.9073	19.8967	4.5269	33.0503
1650	1000	14.0648	18.0625	11.1354	30.3021	7.4437	48.5772
1650	100	10.3347	12.5625	7.4654	21.6761	4.9318	36.0061
1650	1050	17.4113	20.8125	12.9899	34.5838	8.8209	54.9905
1650	1100	22.8475	26.6250	16.6177	43.6055	11.2844	68.9968
1650	1150	20.8368	25.3750	16.0795	41.7606	10.9529	65.8223
1650	1200	22.6272	28.1250	17.6255	46.2864	12.0300	72.9557
1650	1250	26.9335	32.6250	20.6736	53.6922	14.0823	83.9175
1650	1300	27.5826	35.1250	22.0019	57.8066	14.8870	90.3479
1650	1350	48.9988	54.2500	34.9046	87.5514	24.0522	134.1213
1650	1400	86.3926	69.9062	44.6498	112.8182	30.7205	172.8280
1650	150	11.0093	12.9766	7.8065	22.3905	5.1450	37.1928
1650	200	12.2265	14.6250	8.7982	25.2348	5.7986	41.9175
1650	250	10.9344	12.6875	7.6326	21.8918	5.0304	36.1035
1650	300	11.2353	13.5625	8.1590	23.4015	5.3773	38.8722
1650	350	10.7254	13.1875	7.9334	22.9648	5.2286	37.8253
1650	400	11.0876	13.4375	8.0838	23.4001	5.3278	38.8152
1650	450	10.2107	12.3438	7.4258	21.2986	4.8941	35.1254
1650	500	11.4227	13.8125	8.3094	23.6127	5.4764	38.6975
1650	50	10.9694	12.8125	7.6913	22.3117	5.0549	37.0099
1650	550	10.6615	13.1250	7.8958	22.6467	5.2039	37.0787
1650	600	12.1535	14.9062	9.0058	25.4825	5.9683	41.7618
1650	650	11.8398	14.5625	8.8664	25.1270	5.8307	41.1397
1650	700	11.4905	13.6875	8.3336	23.3990	5.4803	38.3473
1650	750	13.8856	16.8125	10.3005	28.4732	6.8301	46.3464
1650	800	13.9926	16.5625	10.1685	28.0498	6.7609	45.3085
1650	850	14.4506	18.0625	11.0894	30.5901	7.3732	49.0317
1650	900	14.2467	17.8125	10.9359	30.1667	7.2711	48.7281
1650	950	15.2999	19.1875	11.6914	32.4954	7.8324	52.8934
1700	0	13.4454	15.7500	9.4344	27.4271	6.1831	45.4951
1700	1000	19.4673	24.4375	15.1278	40.6074	10.1664	65.0951
1700	100	14.8744	17.4375	10.4901	30.0877	6.9137	49.6202
1700	1050	20.8880	23.9844	14.7862	40.2368	9.8842	65.0144
1700	1100	21.6600	28.6250	17.8659	47.1093	12.1321	74.8767
1700	1150	24.7022	30.3750	19.0356	49.9893	12.9924	79.4543
1700	1200	27.8179	33.9062	21.3350	55.8008	14.6353	87.9522
1700	1250	28.1056	35.1250	22.1019	57.8066	15.1614	91.1136
1700	1300	35.7369	41.1250	25.8773	67.0253	17.7512	104.6540
1700	1350	42.4292	53.2500	33.6091	87.6356	22.7769	138.1295
1700	1400	75.4849	78.2500	50.7110	125.0362	34.9985	189.4305
1700	1450	116.6900	89.2500	57.0049	142.6131	39.2212	218.0720
1700	150	14.8514	17.9062	10.7721	30.8965	7.0995	50.9540
1700	200	13.1745	15.5625	9.3220	27.1006	6.1095	45.2694
1700	250	14.0181	17.0625	10.2646	29.4407	6.7650	48.3777
1700	300	13.5704	16.4375	9.8674	28.6243	6.4851	47.1472
1700	350	13.7380	16.4375	9.8072	28.4933	6.4530	47.4656
1700	400	13.4674	16.8125	10.0708	29.0093	6.6002	48.3600
1700	450	15.3080	17.9062	10.7721	30.8965	7.0995	50.5860
1700	500	13.8221	16.9375	10.1894	29.4950	6.7155	48.5813
1700	50	14.8126	17.5625	10.5201	30.3034	6.8947	50.3368
1700	550	15.1000	18.1875	10.9179	31.3818	7.1755	51.7544
1700	600	15.0085	18.4375	11.0917	31.6662	7.3102	52.0627
1700	650	14.9035	17.9062	10.8183	30.6110	7.1695	50.1667
1700	700	15.0406	18.3125	11.0638	31.3055	7.3322	50.9239
1700	750	15.8096	19.5625	11.8442	33.1305	7.8708	54.3390
1700	800	14.8046	18.4375	11.1868	31.2252	7.4542	50.8259
1700	850	17.8808	21.0625	12.7795	35.6708	8.5155	58.0622
1700	900	19.3114	23.3125	14.2587	39.4814	9.5162	63.7739
1700	950	20.6070	24.8750	15.2085	42.1276	10.0569	69.0956
1750	0	18.5503	21.8125	13.0940	37.9844	8.6057	62.5642
1750	1000	25.4595	30.0000	18.3419	50.8071	12.1289	83.3314
1750	100	18.4222	21.9531	13.1501	38.2293	8.6183	63.8590
1750	1050	23.9517	30.3750	18.7260	50.9579	12.5178	81.6904
1750	1100	24.6559	30.8125	19.1527	51.2006	12.9388	82.0764
1750	1150	25.6698	34.1250	21.2891	57.2490	14.3298	91.0488
1750	1200	32.9202	41.1250	25.9563	67.6810	17.5906	106.6775
1750	1250	31.4990	41.3750	25.9291	68.0924	17.6975	109.1298
1750	1300	37.5518	49.1250	30.8958	80.8469	21.0125	127.4293
1750	1350	38.0642	51.9375	32.7807	85.4756	22.2155	133.5927
1750	1400	47.2155	62.8750	39.5257	103.4758	26.6482	163.0966
1750	1450	114.2107	104.8750	68.0017	165.4902	47.3167	250.5900
1750	150	16.8170	20.0000	12.0059	34.5092	7.8906	57.3231
1750	200	17.6139	21.5625	12.9161	37.2052	8.4650	62.2446
1750	250	16.9349	20.3125	12.1673	35.3723	7.9742	58.6742
1750	300	17.8086	21.0625	12.6709	36.3425	8.3510	59.9355
1750	350	19.0460	22.5000	13.5357	38.8228	8.9209	64.4884
1750	400	17.4072	21.0625	12.6166	36.6783	8.2687	60.4130
1750	450	18.9727	22.9062	13.7801	39.5238	9.0820	65.6528
1750	500	18.0616	22.1875	13.2378	38.6374	8.7103	64.0902
1750	50	18.5514	21.6875	12.9910	37.4209	8.5140	62.1597
1750	550	19.5743	23.4375	14.0392	40.8142	9.2010	67.7010
1750	600	19.1373	23.4375	14.1299	40.0668	9.3384	66.1507
1750	650	20.1949	24.5625	14.7131	42.3816	9.6427	70.3999
1750	700	19.8526	24.4375	14.7643	41.7763	9.7845	68.4648
1750	750	20.1777	25.3750	15.2652	43.3790	10.0608	71.0913
1750	800	20.3942	25.1250	15.1796	42.5510	10.0598	69.7900
1750	850	23.3881	27.1250	16.5841	46.3706	10.9666	75.4299
1750	900	21.3047	26.1250	15.9727	44.6611	10.5623	72.6491
1750	950	24.5500	29.3750	18.0346	49.7487	11.9910	80.3586
1800	0	25.6478	30.0000	17.9702	52.2421	11.7773	86.0481
1800	1000	32.8242	39.1250	23.7893	66.2610	15.8945	107.0308
1800	100	26.8588	31.3750	18.8747	54.1363	12.4397	90.5704
1800	1050	34.5014	41.1250	25.2588	68.9924	16.9480	110.6015
1800	1100	34.2109	40.9062	25.3748	67.9732	17.0975	108.9635
1800	1150	36.1506	42.6250	26.3866	71.5089	17.7327	115.5435
1800	1200	36.7486	45.9531	28.5640	76.3595	19.2967	122.4070
1800	1250	36.1148	47.0000	29.2147	78.0991	19.7363	125.1956
1800	1300	42.9235	54.2500	33.8595	90.1463	22.9927	144.5077
1800	1350	49.6315	59.6250	37.4421	98.1272	25.6201	153.3664
1800	1400	54.5714	71.2500	44.9699	116.1229	30.4761	182.8864
1800	1450	67.3425	82.2500	51.2305	136.0177	34.6992	215.3477
1800	150	22.3829	26.1250	15.7164	45.4942	10.3582	75.4640
1800	200	23.5142	27.9922	16.7675	48.7457	10.9891	80.2892
1800	250	22.2872	26.3750	15.7988	45.9295	10.3542	76.7217
1800	300	23.2941	27.6250	16.5476	48.1063	10.8450	79.7969
1800	350	25.1153	30.1250	18.0451	51.9795	11.8264	86.3429
1800	400	24.1534	29.1250	17.4461	50.7184	11.4338	84.1297
1800	450	23.8797	28.3750	17.0334	49.4123	11.1948	81.9633
1800	500	25.8910	30.9375	18.5318	53.8747	12.1454	89.3653
1800	50	23.2527	27.3750	16.3978	47.6709	10.7468	79.6305
1800	550	25.5545	30.1250	18.0451	52.4598	11.8264	87.0183
1800	600	24.0982	28.8125	17.2589	50.1742	11.3112	83.2271
1800	650	24.7715	29.9375	18.0100	51.6560	11.8698	85.1902
1800	700	25.0205	30.2500	18.1980	52.1952	11.9937	86.7011
1800	750	26.7524	31.8125	19.0969	54.8912	12.5510	91.1795
1800	800	23.4059	28.5000	17.1452	49.1756	11.2998	81.6854
1800	850	25.8486	31.8750	19.2577	54.4908	12.7625	89.3019
1800	900	27.0353	33.3750	20.2849	57.0551	13.4282	93.5044
1800	950	29.7502	35.1250	21.3936	59.4867	14.2009	96.8277
1850	0	30.6568	36.3750	21.7889	63.3436	14.2800	104.3334
1850	1000	37.5223	45.6250	27.8003	77.2692	18.6243	124.8122
1850	100	31.1107	37.1250	22.2381	64.6496	14.5745	107.2383
1850	1050	38.7609	47.8125	29.1212	80.9739	19.3304	131.8029
1850	1100	41.1461	49.8125	30.4031	84.3610	20.2363	137.3162
1850	1150	46.2235	55.6250	34.4342	93.3180	23.1409	149.5977
1850	1200	48.5749	58.2500	36.2076	96.7930	24.4604	153.9074
1850	1250	45.4221	55.2500	34.2020	92.6889	22.9849	149.7660
1850	1300	51.2349	63.2500	39.3155	105.1015	26.5601	168.4814
1850	1350	53.1179	69.8125	44.0626	114.8932	29.8612	181.0923
1850	1400	61.1526	79.2500	50.4182	129.1612	34.5171	203.4210
1850	1450	80.0737	93.2500	57.9632	153.4651	39.1577	243.9215
1850	150	28.4414	34.1250	20.4411	59.4254	13.3967	98.5726
1850	200	29.3132	35.2500	21.1150	61.3845	13.8384	101.8223
1850	250	28.2393	33.3750	19.9127	58.1194	13.1023	96.4062
1850	300	29.8197	35.3750	21.1899	61.6022	13.8875	102.1833
1850	350	30.4766	36.8125	21.9636	64.1054	14.4518	107.0831
1850	400	30.8374	37.1250	22.2381	64.6496	14.5745	107.2383
1850	450	29.0674	35.3750	21.1899	61.0381	13.8875	100.6631
1850	500	29.3040	35.1250	21.0401	61.1668	13.7893	100.7480
1850	50	30.9334	36.1250	21.7323	62.3322	14.3230	102.0548
1850	550	30.8391	37.1250	22.2860	64.0577	14.6470	106.4059
1850	600	29.7122	35.6250	21.4315	62.0375	14.1248	102.9055
1850	650	31.9577	37.1250	22.3339	64.0577	14.7195	106.0244
1850	700	33.8339	40.5000	24.3642	69.8811	16.0576	115.2468
1850	750	34.5401	40.8125	24.4996	70.4203	16.1018	116.9749
1850	800	33.5035	40.1250	24.1386	68.5943	15.9089	113.2501
1850	850	34.9545	42.1250	25.3418	72.6850	16.7019	119.0051
1850	900	34.6480	40.9688	24.6462	70.6899	16.2435	116.5807
1850	950	36.5594	44.3750	27.0177	75.8598	17.7673	123.3992
1900	0	37.3411	44.8125	26.8430	78.0367	17.5924	130.3541
1900	1000	48.1788	57.2500	34.5757	99.6954	22.6987	164.2085
1900	100	37.6954	45.1250	27.0302	78.5809	17.7151	131.2631
1900	1050	50.5503	60.8125	36.7407	104.9295	24.3488	173.0481
1900	1100	51.0670	62.2500	37.7550	106.4174	24.9243	175.6964
1900	1150	64.2652	77.2500	47.4273	130.8284	31.5337	212.9521
1900	1200	55.0753	68.8125	42.4224	115.4417	28.3583	186.5299
1900	1250	62.1466	78.8125	48.4064	133.4746	32.4794	217.2594
1900	1300	66.6868	79.9375	49.6883	132.8308	33.5675	213.7938
1900	1350	70.8703	84.8125	52.9347	140.9315	35.9459	225.9182
1900	1400	74.5327	92.8750	57.7301	154.3288	39.0002	247.3946
1900	1450	91.6393	114.6250	71.8339	188.6428	49.0291	299.8338
1900	150	37.8520	46.1250	27.4103	80.3223	18.1077	133.2355
1900	200	40.4011	48.5000	29.0518	84.4581	19.0400	140.0959
1900	250	36.0615	43.1250	25.7766	75.7856	16.8457	126.3801
1900	300	37.3267	44.6250	26.7307	77.7102	17.5188	129.8087
1900	350	35.6305	43.1250	25.7298	75.0980	16.9299	126.3210
1900	400	41.6680	49.3750	29.7033	85.1946	19.5764	141.5163
1900	450	38.1402	45.6250	27.3297	79.4516	17.9114	132.7176
1900	500	38.1277	45.3750	27.1799	79.0162	17.8132	131.9904
1900	50	35.0711	42.3750	25.3829	73.7920	16.6355	123.2637
1900	550	37.6799	45.3750	27.0723	79.0162	17.8132	131.9904
1900	600	41.7999	49.8125	29.8380	86.7437	19.5553	143.8871
1900	650	43.1992	51.2500	30.7652	89.2470	20.2197	146.9989
1900	700	44.8213	52.8125	31.7712	91.1258	20.9393	150.2832
1900	750	40.3650	47.6250	28.5891	82.1750	18.7896	136.5005
1900	800	44.0561	52.2500	31.4328	90.9884	20.7163	150.9280
1900	850	48.3393	56.8750	34.2152	98.1355	22.5500	160.6746
1900	900	50.9029	60.6250	36.6274	103.6394	24.2737	169.8488
1900	950	50.2253	58.9062	35.4371	101.6404	23.3554	167.6236
1950	0	48.3406	57.2500	34.2931	99.6954	22.4751	165.3709
1950	1000	61.8141	73.6250	44.3867	125.8631	29.3350	206.2699
1950	100	48.9737	58.2500	34.8921	101.4368	22.8677	168.2595
1950	1050	58.3466	69.7500	42.1404	119.2387	27.9272	196.8646
1950	1100	69.7223	83.2500	50.4917	142.3172	33.3325	233.2356
1950	1150	66.9688	81.2500	49.0883	140.1936	32.5317	231.2050
1950	1200	72.7521	87.8125	53.2796	150.1168	35.5023	244.1914
1950	1250	70.2936	86.2500	52.7534	146.0705	35.2075	237.7621
1950	1300	71.3915	90.6250	55.6388	153.4799	36.9934	251.7302
1950	1350	84.3650	107.2500	65.3497	181.6355	43.7798	297.9097
1950	1400	92.7088	108.8125	66.5824	184.2817	44.8427	302.2499
1950	1450	105.0421	116.7500	72.8681	194.0015	49.4819	308.4754
1950	150	46.9104	56.8125	33.8963	98.9335	22.3033	165.2607
1950	200	48.7525	58.5000	35.0419	101.8721	22.9658	170.1694
1950	250	51.8875	61.2500	36.7681	106.6610	24.1650	176.9252
1950	300	50.8680	60.6250	36.3148	105.5726	23.8000	175.1198
1950	350	48.7653	58.2500	34.7539	101.4368	22.8677	169.4422
1950	400	48.8666	58.6250	35.1168	102.0898	23.0149	170.5330
1950	450	48.4118	58.2500	34.8921	101.4368	22.8677	169.4422
1950	500	46.4963	55.8125	33.4321	97.1921	21.9108	161.2186
1950	50	50.5462	60.2500	36.0901	104.9196	23.6528	175.2599
1950	550	51.0269	61.9062	37.0823	107.8038	24.3030	178.8208
1950	600	47.9734	57.9062	34.5488	100.8382	22.7327	169.6180
1950	650	53.2468	64.2500	38.4862	111.8852	25.2231	186.8954
1950	700	56.2948	67.2500	40.4566	116.0372	26.6636	191.3666
1950	750	55.6317	66.6250	39.9947	116.0210	26.2856	191.0985
1950	800	57.8312	69.2500	41.5705	119.4881	27.3213	198.4811
1950	850	53.5033	64.6250	38.8775	111.5078	25.6228	183.8969
1950	900	57.9321	69.2500	41.5705	119.4881	27.3213	198.4811
1950	950	57.4693	68.8125	41.3079	118.7332	27.1487	197.2272
600	250	0.0271	0.0288	0.0181	0.0467	0.0122	0.0720
600	275	0.0403	0.0376	0.0242	0.0601	0.0167	0.0910
600	300	0.0566	0.0464	0.0304	0.0712	0.0214	0.1058
600	325	0.0747	0.0522	0.0347	0.0810	0.0249	0.1190
625	275	0.0348	0.0386	0.0245	0.0623	0.0166	0.0962
625	300	0.0497	0.0493	0.0318	0.0780	0.0220	0.1190
625	325	0.0716	0.0591	0.0397	0.0925	0.0272	0.1381
625	350	0.0915	0.0659	0.0439	0.1014	0.0312	0.1505
625	375	0.1075	0.0737	0.0488	0.1140	0.0343	0.1695
625	400	0.1322	0.0728	0.0481	0.1136	0.0338	0.1700
650	200	0.0361	0.0376	0.0242	0.0613	0.0167	0.0948
650	250	0.0383	0.0425	0.0270	0.0686	0.0183	0.1060
650	275	0.0377	0.0425	0.0270	0.0679	0.0183	0.1057
650	300	0.0469	0.0488	0.0310	0.0788	0.0210	0.1229
650	325	0.0551	0.0586	0.0375	0.0936	0.0261	0.1418
650	350	0.0838	0.0737	0.0484	0.1146	0.0337	0.1720
650	375	0.1174	0.0815	0.0539	0.1267	0.0379	0.1888
650	400	0.1170	0.0864	0.0567	0.1343	0.0395	0.2016
650	425	0.1214	0.0864	0.0563	0.1371	0.0388	0.2068
675	250	0.0522	0.0513	0.0331	0.0827	0.0228	0.1279
675	275	0.0485	0.0508	0.0322	0.0820	0.0218	0.1267
675	300	0.0525	0.0562	0.0359	0.0915	0.0241	0.1417
675	325	0.0516	0.0591	0.0378	0.0953	0.0254	0.1474
675	350	0.0695	0.0718	0.0464	0.1147	0.0317	0.1754
675	375	0.1009	0.0913	0.0596	0.1419	0.0424	0.2114
675	400	0.1283	0.1030	0.0681	0.1593	0.0479	0.2357
675	425	0.1778	0.1108	0.0733	0.1727	0.0515	0.2587
675	450	0.1736	0.1157	0.0754	0.1826	0.0520	0.2765
700	0	0.0443	0.0474	0.0305	0.0764	0.0211	0.1171
700	100	0.0448	0.0483	0.0312	0.0772	0.0215	0.1203
700	200	0.0512	0.0513	0.0331	0.0819	0.0228	0.1276
700	250	0.0540	0.0591	0.0378	0.0953	0.0263	0.1474
700	300	0.0586	0.0649	0.0411	0.1048	0.0282	0.1620
700	325	0.0630	0.0688	0.0436	0.1100	0.0299	0.1698
700	350	0.0683	0.0757	0.0486	0.1233	0.0328	0.1909
700	375	0.0908	0.0913	0.0586	0.1459	0.0403	0.2252
700	400	0.1245	0.1099	0.0721	0.1725	0.0502	0.2596
700	425	0.1431	0.1157	0.0760	0.1798	0.0538	0.2699
700	450	0.2052	0.1323	0.0871	0.2077	0.0613	0.3127
700	475	0.2225	0.1499	0.0983	0.2342	0.0688	0.3537
725	300	0.0669	0.0767	0.0485	0.1237	0.0332	0.1912
725	325	0.0794	0.0820	0.0519	0.1324	0.0356	0.2065
725	350	0.0725	0.0825	0.0522	0.1332	0.0358	0.2077
725	375	0.0909	0.0962	0.0618	0.1552	0.0425	0.2378
725	400	0.1043	0.1089	0.0694	0.1740	0.0481	0.2685
725	425	0.1507	0.1318	0.0861	0.2080	0.0600	0.3150
725	450	0.2100	0.1548	0.1022	0.2393	0.0723	0.3577
725	475	0.2247	0.1714	0.1115	0.2718	0.0773	0.4101
725	500	0.2947	0.1802	0.1177	0.2843	0.0820	0.4305
750	200	0.0700	0.0776	0.0499	0.1241	0.0349	0.1914
750	250	0.0701	0.0786	0.0503	0.1269	0.0350	0.1961
750	300	0.0948	0.1011	0.0645	0.1615	0.0446	0.2492
750	350	0.0864	0.0952	0.0602	0.1537	0.0413	0.2396
750	375	0.0881	0.1011	0.0637	0.1647	0.0434	0.2594
750	400	0.1056	0.1128	0.0714	0.1838	0.0489	0.2845
750	425	0.1337	0.1304	0.0834	0.2083	0.0575	0.3215
750	450	0.1929	0.1655	0.1085	0.2612	0.0760	0.3917
750	475	0.3001	0.2119	0.1414	0.3293	0.0997	0.4881
750	500	0.2753	0.1963	0.1279	0.3097	0.0889	0.4690
750	525	0.3218	0.2021	0.1301	0.3230	0.0904	0.4985
775	350	0.1023	0.1157	0.0735	0.1868	0.0502	0.2913
775	375	0.1061	0.1206	0.0763	0.1966	0.0523	0.3043
775	400	0.1220	0.1382	0.0876	0.2230	0.0596	0.3463
775	425	0.1122	0.1294	0.0817	0.2129	0.0553	0.3328
775	450	0.1834	0.1860	0.1206	0.2936	0.0839	0.4445
775	475	0.2652	0.2139	0.1397	0.3375	0.0973	0.5110
775	500	0.3032	0.2275	0.1486	0.3572	0.1035	0.5376
775	525	0.3288	0.2373	0.1544	0.3745	0.1071	0.5670
775	550	0.3732	0.2432	0.1565	0.3856	0.1088	0.5874
800	0	0.0896	0.0972	0.0620	0.1568	0.0429	0.2424
800	100	0.0914	0.1030	0.0652	0.1663	0.0447	0.2593
800	200	0.1032	0.1089	0.0694	0.1757	0.0481	0.2716
800	250	0.0933	0.1069	0.0682	0.1726	0.0472	0.2691
800	300	0.1109	0.1157	0.0735	0.1868	0.0502	0.2913
800	350	0.1037	0.1313	0.0832	0.2120	0.0567	0.3321
800	400	0.1229	0.1401	0.0892	0.2262	0.0610	0.3496
800	425	0.1392	0.1587	0.1006	0.2586	0.0685	0.4038
800	450	0.1374	0.1597	0.1010	0.2577	0.0686	0.4019
800	475	0.1843	0.2021	0.1291	0.3230	0.0888	0.4985
800	500	0.2649	0.2412	0.1575	0.3806	0.1098	0.5764
800	525	0.2851	0.2588	0.1659	0.4135	0.1147	0.6382
800	550	0.5519	0.3564	0.2337	0.5568	0.1636	0.8327
800	575	0.4553	0.2998	0.1934	0.4755	0.1347	0.7242
825	400	0.1626	0.1655	0.1053	0.2671	0.0721	0.4166
825	425	0.1720	0.1899	0.1211	0.3065	0.0831	0.4738
825	450	0.1638	0.1948	0.1232	0.3144	0.0837	0.4903
825	475	0.1660	0.1982	0.1246	0.3263	0.0840	0.5142
825	500	0.2122	0.2236	0.1439	0.3609	0.0991	0.5529
825	525	0.4045	0.3115	0.2042	0.4916	0.1430	0.7372
825	550	0.4842	0.3760	0.2474	0.5843	0.1740	0.8769
825	575	0.6214	0.4004	0.2577	0.6318	0.1791	0.9567
825	600	0.6129	0.3906	0.2500	0.6242	0.1724	0.9633
850	200	0.1258	0.1440	0.0913	0.2325	0.0627	0.3658
850	250	0.1331	0.1558	0.0995	0.2514	0.0684	0.3920
850	300	0.1405	0.1616	0.1028	0.2634	0.0704	0.4113
850	350	0.1608	0.1694	0.1082	0.2734	0.0745	0.4264
850	400	0.1732	0.1899	0.1213	0.3065	0.0835	0.4738
850	450	0.1894	0.2197	0.1401	0.3546	0.0961	0.5481
850	475	0.1999	0.2256	0.1424	0.3677	0.0965	0.5741
850	500	0.2464	0.2627	0.1675	0.4240	0.1149	0.6553
850	525	0.2905	0.2939	0.1877	0.4744	0.1292	0.7333
850	550	0.3879	0.3779	0.2469	0.5934	0.1735	0.8930
850	575	0.4721	0.3926	0.2547	0.6163	0.1787	0.9276
850	600	0.8302	0.4941	0.3229	0.7758	0.2268	1.1676
850	625	0.6981	0.4336	0.2780	0.6928	0.1922	1.0692
875	450	0.2156	0.2490	0.1584	0.4059	0.1085	0.6282
875	475	0.2211	0.2529	0.1597	0.4122	0.1092	0.6492
875	500	0.2391	0.2744	0.1746	0.4472	0.1195	0.6983
875	525	0.2459	0.2900	0.1838	0.4727	0.1252	0.7317
875	550	0.3795	0.3877	0.2496	0.6195	0.1734	0.9560
875	575	0.4662	0.4277	0.2763	0.6835	0.1913	1.0451
875	600	0.6512	0.4785	0.3062	0.7646	0.2112	1.1692
875	625	0.8549	0.5215	0.3357	0.8229	0.2332	1.2580
875	650	0.8760	0.5410	0.3469	0.8645	0.2399	1.3341
900	0	0.1638	0.1880	0.1187	0.3094	0.0811	0.4835
900	100	0.1680	0.1880	0.1191	0.3094	0.0811	0.4835
900	200	0.2002	0.2148	0.1361	0.3502	0.0927	0.5467
900	250	0.1834	0.2119	0.1348	0.3454	0.0923	0.5346
900	300	0.1830	0.2139	0.1346	0.3486	0.0923	0.5466
900	350	0.2362	0.2646	0.1690	0.4271	0.1163	0.6661
900	400	0.2564	0.2744	0.1760	0.4429	0.1217	0.6907
900	450	0.2470	0.2764	0.1758	0.4504	0.1204	0.7033
900	500	0.2697	0.3076	0.1949	0.5014	0.1328	0.7828
900	525	0.2936	0.3330	0.2110	0.5427	0.1437	0.8474
900	550	0.3385	0.3545	0.2237	0.5777	0.1516	0.9021
900	575	0.4430	0.4570	0.2931	0.7303	0.2026	1.1167
900	600	0.6658	0.5527	0.3586	0.8678	0.2515	1.3188
900	625	0.7852	0.6387	0.4111	1.0129	0.2857	1.5428
950	350	0.2969	0.3213	0.2044	0.5236	0.1399	0.8176
950	400	0.3044	0.3447	0.2189	0.5618	0.1495	0.8849
950	450	0.3139	0.3643	0.2317	0.5937	0.1587	0.9270
950	500	0.3783	0.4121	0.2632	0.6651	0.1811	1.0280
950	550	0.3791	0.4395	0.2796	0.7162	0.1914	1.1183
950	575	0.4004	0.4512	0.2827	0.7353	0.1930	1.1581
950	600	0.4425	0.5215	0.3291	0.8582	0.2231	1.3414
950	625	0.5726	0.5918	0.3780	0.9551	0.2601	1.4631
950	650	0.8092	0.8086	0.5301	1.2759	0.3711	1.9321
950	675	0.8924	0.8398	0.5446	1.3186	0.3789	2.0038
950	700	1.3790	0.8086	0.5240	1.2921	0.3617	1.9757
950	725	1.3211	0.9258	0.5936	1.4793	0.4105	2.2829
975	550	0.4847	0.5566	0.3568	0.8983	0.2446	1.3886
975	575	0.4721	0.5020	0.3181	0.8181	0.2167	1.2774
975	600	0.5359	0.5957	0.3790	0.9661	0.2595	1.5011
975	625	0.5226	0.6270	0.3957	1.0318	0.2682	1.6126
975	650	0.6594	0.7383	0.4771	1.1709	0.3331	1.7835
975	675	1.0317	0.9570	0.6250	1.5025	0.4355	2.2614
975	700	1.2867	1.0508	0.6810	1.6791	0.4700	2.5438
975	725	1.4517	1.0781	0.6886	1.7399	0.4738	2.6654
975	750	1.4962	1.0742	0.6962	1.7165	0.4805	2.6247
