1000	0	0.4416	0.4395	0.2873	0.7022	0.2034	1.1035
1000	100	0.4960	0.4941	0.3231	0.7896	0.2287	1.2519
1000	150	0.5494	0.5449	0.3549	0.8794	0.2501	1.3958
1000	200	0.5217	0.5176	0.3364	0.8353	0.2365	1.3258
1000	250	0.5592	0.5566	0.3625	0.8983	0.2555	1.4258
1000	300	0.5224	0.5176	0.3371	0.8353	0.2376	1.3373
1000	350	0.5789	0.5762	0.3711	0.9390	0.2600	1.5170
1000	400	0.5627	0.5605	0.3596	0.9136	0.2507	1.4635
1000	450	0.5853	0.5801	0.3720	0.9547	0.2572	1.5426
1000	50	0.4740	0.4707	0.3083	0.7521	0.2188	1.1819
1000	500	0.6329	0.6309	0.3954	1.0483	0.2698	1.7076
1000	550	0.6347	0.6309	0.3875	1.0684	0.2600	1.7789
1000	600	0.7353	0.7324	0.4425	1.2638	0.2933	2.1293
1000	625	0.7177	0.7168	0.4294	1.2482	0.2814	2.1287
1000	650	0.8641	0.8555	0.5146	1.5034	0.3392	2.5585
1000	675	1.1970	1.1914	0.7436	1.9797	0.5050	3.2249
1000	700	1.3800	1.3633	0.8903	2.1621	0.6204	3.3243
1000	725	1.6141	1.5859	1.0613	2.4394	0.7620	3.6775
1000	750	1.7792	1.7422	1.1724	2.6658	0.8473	3.9715
1000	775	1.5953	1.5586	1.0513	2.3724	0.7519	3.5282
1025	600	0.8273	0.8242	0.5081	1.3959	0.3397	2.3241
1025	625	0.8466	0.8398	0.5094	1.4625	0.3363	2.4771
1025	650	0.9917	0.9883	0.6022	1.6895	0.4034	2.7894
1025	675	0.9473	0.9414	0.5639	1.6544	0.3696	2.8344
1025	700	1.3582	1.3477	0.8608	2.1964	0.5922	3.5186
1025	725	1.6249	1.6016	1.0538	2.5400	0.7413	3.9417
1025	750	1.7857	1.7578	1.1785	2.7177	0.8480	4.1033
1025	775	2.0539	2.0078	1.3641	3.0722	0.9843	4.5533
1025	800	2.2089	2.1484	1.4649	3.2360	1.0616	4.7171
1050	0	0.6732	0.6699	0.4380	1.0705	0.3101	1.6973
1050	100	0.7021	0.6973	0.4559	1.1142	0.3228	1.7666
1100	0	0.9606	0.9492	0.6242	1.5168	0.4449	2.3835
1100	100	0.8999	0.8945	0.5871	1.4294	0.4176	2.2664
1100	150	0.9132	0.9102	0.5951	1.4543	0.4213	2.3059
1100	200	0.9191	0.9102	0.6012	1.4543	0.4249	2.2854
1100	250	0.9110	0.9023	0.5900	1.4562	0.4177	2.3113
1100	300	0.9420	0.9414	0.6131	1.5043	0.4321	2.4063
1100	350	0.9791	0.9727	0.6347	1.5697	0.4483	2.4914
1100	400	1.0308	1.0273	0.6652	1.6580	0.4655	2.6544
1100	450	1.0428	1.0352	0.6690	1.6871	0.4670	2.7027
1100	50	0.9613	0.9570	0.6269	1.5292	0.4449	2.4247
1100	500	1.0817	1.0742	0.6902	1.7508	0.4784	2.8284
1100	550	1.2034	1.1992	0.7664	1.9545	0.5317	3.1575
1100	600	1.2751	1.2695	0.8021	2.1096	0.5529	3.4091
1100	650	1.2762	1.2695	0.7827	2.1500	0.5232	3.5665
1100	700	1.4430	1.4336	0.8680	2.4736	0.5768	4.1678
1100	725	1.4774	1.4727	0.8897	2.5410	0.5896	4.2814
1100	750	1.6181	1.6172	0.9729	2.8162	0.6412	4.7535
1100	775	2.1075	2.0859	1.2913	3.5161	0.8678	5.7467
1100	800	2.6930	2.6641	1.7474	4.2251	1.2332	6.5567
1100	825	3.1066	3.0703	2.0585	4.7225	1.4812	7.1195
1100	850	3.2618	3.2031	2.1605	4.8757	1.5453	7.2510
1100	875	3.2321	3.1406	2.1338	4.7806	1.5396	7.0350
1125	700	1.5742	1.5703	0.9761	2.6344	0.6594	4.3235
1125	725	1.6628	1.6484	1.0142	2.8443	0.6761	4.7586
1125	750	1.7337	1.7266	1.0431	2.9791	0.6913	5.0551
1125	775	2.1226	2.1172	1.2791	3.6531	0.8477	6.1117
1125	800	2.5359	2.5234	1.5750	4.1932	1.0695	6.8305
1125	825	3.0408	3.0078	1.9363	4.8062	1.3453	7.5527
1125	850	3.3709	3.3281	2.2148	5.1456	1.5796	7.7301
1125	875	3.7730	3.7031	2.5159	5.6368	1.8154	8.3828
1125	900	4.5053	4.3906	2.9830	6.6483	2.1524	9.7641
1150	0	1.2483	1.2383	0.8127	1.9787	0.5780	3.1373
1150	100	1.3043	1.2930	0.8486	2.0764	0.6036	3.3084
1150	150	1.2402	1.2383	0.8096	1.9787	0.5732	3.1373
1150	200	1.3492	1.3398	0.8777	2.1409	0.6228	3.3946
1150	250	1.2861	1.2773	0.8384	2.0411	0.5963	3.2362
1150	300	1.2647	1.2539	0.8230	2.0036	0.5853	3.1769
1150	350	1.4138	1.4102	0.9220	2.2533	0.6527	3.5409
1150	400	1.3675	1.3633	0.8845	2.2001	0.6204	3.5224
1150	450	1.4187	1.4102	0.9184	2.2758	0.6472	3.6435
1150	50	1.1948	1.1836	0.7808	1.8913	0.5548	2.9720
1150	500	1.4993	1.4883	0.9618	2.4256	0.6715	3.9186
1150	550	1.5236	1.5195	0.9744	2.4765	0.6737	4.0009
1150	600	1.6797	1.6641	1.0592	2.7386	0.7313	4.4616
1150	650	1.7163	1.7109	1.0635	2.8703	0.7185	4.7107
1150	700	1.8874	1.8672	1.1678	3.1324	0.7950	5.1012
1150	750	1.8884	1.8828	1.1375	3.2487	0.7539	5.4738
1150	775	2.2402	2.2422	1.3633	3.8331	0.9109	6.4217
1150	800	2.2782	2.2734	1.3618	3.9771	0.8925	6.7985
1150	825	2.6318	2.6172	1.6075	4.4324	1.0786	7.3249
1150	850	3.3303	3.2969	2.1182	5.2681	1.4681	8.2042
1150	875	4.1479	4.0781	2.7139	6.3702	1.9355	9.6212
1150	900	4.8451	4.7344	3.2282	7.2065	2.3394	10.6611
1150	925	4.7891	4.7031	3.1766	7.1215	2.3056	10.5152
1175	750	2.2425	2.2266	1.3783	3.8063	0.9263	6.3306
1175	775	2.1970	2.1953	1.3320	3.7879	0.8876	6.3372
1175	800	2.6983	2.6797	1.6452	4.6237	1.0939	7.7355
1175	825	2.7196	2.7109	1.6239	4.7424	1.0643	8.0521
1175	850	3.2532	3.2344	2.0022	5.4261	1.3456	8.9052
1175	875	4.0197	3.9766	2.5899	6.3542	1.8252	9.8059
1175	900	4.4925	4.4219	2.9646	6.8366	2.1332	10.3222
1175	925	5.3834	5.2969	3.5882	8.0628	2.5967	11.9278
1175	950	5.8818	5.7344	3.9101	8.6830	2.8336	12.7524
1200	0	1.5910	1.5859	1.0409	2.5152	0.7403	3.9754
1200	100	1.7162	1.7109	1.1229	2.7339	0.7987	4.2962
1200	150	1.7424	1.7422	1.1391	2.7839	0.8064	4.4139
1200	200	1.6752	1.6641	1.0922	2.6590	0.7768	4.2160
1200	250	1.7380	1.7266	1.1332	2.7589	0.8060	4.3744
1200	300	1.7079	1.6953	1.1127	2.7360	0.7914	4.3425
1200	350	1.8060	1.8047	1.1761	2.8837	0.8354	4.6130
1200	400	1.8029	1.7891	1.1697	2.8873	0.8281	4.5826
1200	450	1.8548	1.8516	1.2020	2.9586	0.8498	4.7328
1200	50	1.5739	1.5703	1.0306	2.4904	0.7330	3.9005
1200	500	1.8311	1.8203	1.1741	2.9667	0.8177	4.7928
1200	550	2.1807	2.1719	1.4091	3.5051	0.9884	5.6116
1200	600	2.1262	2.1172	1.3656	3.4506	0.9511	5.5278
1200	650	2.3238	2.3203	1.4748	3.8186	1.0242	6.1200
1200	700	2.4870	2.4766	1.5678	4.0758	1.0835	6.5861
1200	750	2.5027	2.4922	1.5555	4.1810	1.0563	6.8617
1200	800	2.6575	2.6484	1.6103	4.5275	1.0759	7.5852
1200	825	2.7886	2.7734	1.6613	4.8739	1.0888	8.3502
1200	850	3.2224	3.2031	1.9270	5.6290	1.2700	9.5796
1200	875	4.1649	4.1094	2.5730	6.8940	1.7256	11.1393
1200	900	4.6477	4.5781	2.9897	7.3154	2.0834	11.2893
1200	925	5.8230	5.7344	3.8537	8.8658	2.7440	13.3860
1200	950	6.3967	6.2812	4.2705	9.5111	3.1038	13.9686
1200	975	5.9727	5.8594	3.9665	8.9190	2.8496	13.1944
1225	1000	8.1609	7.9688	5.3784	12.0663	3.8754	17.7213
1225	800	3.0550	3.0391	1.8510	5.2438	1.2287	8.7729
1225	825	3.1801	3.1719	1.9327	5.4224	1.2948	9.0844
1225	850	3.3899	3.3906	2.0318	5.9044	1.3443	10.0694
1225	875	3.6626	3.6719	2.2089	6.3942	1.4558	10.8301
1225	900	4.6958	4.6719	2.9218	7.7632	1.9892	12.6460
1225	925	6.2547	6.1719	4.0612	9.7391	2.8569	15.0293
1250	700	3.0808	3.0703	1.9765	5.0040	1.3732	8.0840
1250	750	3.1446	3.1406	1.9522	5.2688	1.3188	8.6471
1250	800	3.2357	3.2031	2.0074	5.3737	1.3701	8.8192
1250	850	3.5689	3.5469	2.1429	6.1765	1.4201	10.4615
1250	875	3.7255	3.7031	2.2460	6.4486	1.4827	10.9223
1250	900	4.2548	4.2344	2.5228	7.4413	1.6416	12.8337
1250	925	5.6523	5.6094	3.5153	9.3210	2.3993	15.0628
1250	950	6.1424	6.0781	3.9844	9.6396	2.7898	14.8211
1250	975	8.7488	8.5938	5.7964	13.2182	4.1458	19.7257
1275	1000	9.1279	8.9688	6.0201	13.7950	4.3092	20.6918
1275	1025	10.6248	10.4062	7.0701	15.8401	5.1015	23.3099
1275	1050	11.7151	11.4688	7.7919	17.3660	5.6224	25.5048
1275	850	4.0744	4.0469	2.4897	6.9182	1.6599	11.5062
1275	875	4.3336	4.3281	2.6372	7.3990	1.7668	12.3959
1275	900	4.9716	4.9531	2.9670	8.6254	1.9445	14.7097
1275	925	4.6487	4.6406	2.7305	8.2292	1.7810	14.0655
1275	950	6.4625	6.4062	4.0128	10.6452	2.7151	17.3407
1275	975	7.9117	7.8438	5.1645	12.3147	3.6614	18.8944
1300	0	2.9505	2.9297	1.9302	4.6814	1.3790	7.3565
1300	100	2.8794	2.8672	1.8818	4.5815	1.3384	7.2642
1300	1000	8.8896	8.7812	5.7563	13.9266	4.0305	21.6121
1300	1025	11.8331	11.6562	7.8620	17.8357	5.6232	26.7091
1300	1050	12.9853	12.6875	8.6511	19.3126	6.2694	28.5704
1300	1075	11.6512	11.4062	7.7040	17.4532	5.5917	26.0017
1300	150	3.0747	3.0703	2.0152	4.9061	1.4332	7.7096
1300	200	2.9295	2.9141	1.9126	4.6564	1.3603	7.3830
1300	250	2.9332	2.9141	1.9163	4.6564	1.3660	7.3173
1300	300	3.0397	3.0234	1.9844	4.8312	1.4113	7.6601
1300	350	3.0696	3.0547	2.0049	4.8811	1.4259	7.7393
1300	400	3.2342	3.2344	2.1228	5.1682	1.5098	8.1216
1300	450	3.2547	3.2344	2.1336	5.1682	1.5161	8.1945
1300	50	2.9697	2.9531	1.9382	4.7188	1.3785	7.4154
1300	500	3.2822	3.2656	2.1351	5.2442	1.5116	8.3561
1300	550	3.2363	3.2344	2.0997	5.2198	1.4845	8.3569
1300	600	3.6792	3.6719	2.3915	5.8673	1.6853	9.3857
1300	650	3.6859	3.6719	2.3479	5.9844	1.6423	9.6679
1300	700	3.8091	3.7969	2.4442	6.1881	1.6982	9.9971
1300	750	4.3579	4.3438	2.7443	7.1487	1.8919	11.6464
1300	800	4.2644	4.2344	2.7045	6.9687	1.8608	11.2608
1300	850	4.3101	4.2969	2.6654	7.2086	1.7960	11.9221
1300	900	4.7274	4.7031	2.8293	8.2275	1.8647	14.0643
1300	925	5.2230	5.2031	3.1503	8.9778	2.0934	15.1268
1300	950	5.6280	5.6094	3.3528	9.8576	2.1912	16.7761
1300	975	7.4591	7.4062	4.6414	12.3068	3.1679	19.8879
1325	1000	8.1109	8.0312	5.0331	13.3454	3.4352	21.5662
1325	1025	10.4779	10.3438	6.7587	16.4047	4.7476	25.4577
1325	1050	12.5942	12.4062	8.3122	19.1812	5.9366	28.8156
1325	1075	12.2154	11.9688	8.1169	18.3139	5.8441	27.1427
1325	1100	14.1454	13.8125	9.3843	21.0250	6.7714	30.9398
1325	900	5.6219	5.6094	3.4653	9.4999	2.3226	15.6993
1325	925	5.8706	5.8594	3.5702	10.0167	2.3918	16.7815
1325	950	6.1322	6.1094	3.6911	10.5415	2.4461	17.8871
1325	975	6.7214	6.7188	4.0029	11.8072	2.6048	20.3634
1350	0	3.6672	3.6406	2.4046	5.8174	1.6994	9.2238
1350	100	3.7176	3.7031	2.4305	5.9172	1.7286	9.3821
1350	1000	8.0483	8.0312	4.7952	14.2418	3.1294	24.3423
1350	1025	10.3296	10.2812	6.4431	17.0842	4.3976	27.3865
1350	1050	13.3102	13.1875	8.5890	20.8096	6.0529	32.1133
1350	1075	16.0193	15.8125	10.7431	24.0693	7.7518	35.7950
1350	1100	15.7692	15.4375	10.4694	23.5601	7.5378	34.9776
1350	1125	16.7013	16.3125	11.0828	24.7004	7.9969	36.4712
1350	150	3.9919	3.9766	2.6100	6.3542	1.8562	10.0749
1350	200	4.0647	4.0469	2.6612	6.4665	1.8970	10.1618
1350	250	4.0610	4.0469	2.6561	6.4665	1.8891	10.2530
1350	300	3.7213	3.7031	2.4305	5.9172	1.7286	9.3821
1350	350	4.1119	4.1094	2.6971	6.5664	1.9182	10.4114
1350	400	3.9995	3.9844	2.6151	6.3667	1.8599	10.0947
1350	450	4.1536	4.1406	2.7072	6.6824	1.9167	10.6061
1350	50	4.0318	4.0156	2.6406	6.3686	1.8823	9.9744
1350	500	4.2428	4.2344	2.7792	6.7661	1.9766	10.7281
1350	550	4.6148	4.5781	3.0048	7.3884	2.1371	11.7267
1350	600	4.6264	4.6094	3.0021	7.4388	2.1156	11.8068
1350	650	4.9072	4.8906	3.1853	7.8927	2.2447	12.5272
1350	700	5.0680	5.0469	3.2870	8.1449	2.3164	12.9274
1350	750	5.3061	5.2969	3.3965	8.6328	2.3484	13.9465
1350	800	5.3674	5.3594	3.4231	8.8201	2.3552	14.1358
1350	850	5.9871	5.9766	3.7378	9.9312	2.5447	16.3064
1350	900	6.6239	6.5938	4.1070	11.0619	2.7817	18.1546
1350	950	7.1279	7.0938	4.3041	12.2400	2.8680	20.6234
1350	975	6.8575	6.8438	4.1347	11.8086	2.7402	20.0372
1375	1000	7.9675	7.9531	4.8050	13.8496	3.1844	23.6191
1375	1025	8.5572	8.5312	5.0308	15.2644	3.2909	25.8589
1375	1050	12.1102	12.0312	7.5092	20.1840	5.0992	32.8694
1375	1075	13.9779	13.8125	8.9265	22.2913	6.2318	34.9183
1375	1100	17.6270	17.3125	11.5641	26.9047	8.2843	40.7802
1375	1125	16.6743	16.3125	11.0828	24.9605	7.9969	37.1859
1375	1150	18.9064	18.4375	12.5265	28.0650	9.0387	41.5185
1375	950	7.5478	7.5312	4.6084	12.8147	3.1037	21.4042
1375	975	8.0946	8.0625	4.8711	14.0401	3.2281	23.6165
1400	0	5.4837	5.4688	3.5893	8.7386	2.5528	13.8554
1400	100	5.2948	5.2656	3.4560	8.4140	2.4580	13.2221
1400	1000	8.6016	8.5938	5.1810	14.8282	3.4241	25.1609
1400	1025	9.5323	9.5312	5.6681	16.9017	3.7138	28.8888
1400	1075	13.7305	13.6875	8.5080	22.7443	5.7477	37.0498
1400	1100	16.0396	15.8125	10.2925	25.2669	7.1959	39.3490
1400	1125	21.1930	20.9062	14.0166	32.1562	10.0856	47.9873
1400	1150	21.2226	20.8125	14.1912	31.6802	10.2843	46.6197
1400	1175	23.6940	23.1875	15.7075	35.1105	11.3673	51.8422
1400	150	5.3653	5.3281	3.5104	8.5138	2.5080	13.3790
1400	200	5.0396	5.0156	3.2856	8.0145	2.3315	12.7074
1400	250	5.1934	5.1719	3.4052	8.2642	2.4142	12.9867
1400	300	5.1274	5.1094	3.3470	8.1643	2.3751	13.0601
1400	350	5.3675	5.3594	3.5108	8.5638	2.4913	13.5783
1400	400	5.4936	5.4883	3.6021	8.7698	2.5619	13.9049
1400	450	5.3186	5.2969	3.4765	8.5484	2.4726	13.4497
1400	50	5.0887	5.0781	3.3329	8.1144	2.3705	12.7513
1400	500	5.1485	5.1250	3.3573	8.1893	2.3823	12.9845
1400	550	5.7886	5.7656	3.7697	9.3049	2.6689	14.7685
1400	600	6.0265	6.0156	3.9180	9.7083	2.7611	15.5430
1400	650	6.0712	6.0469	3.9535	9.7588	2.7990	15.4889
1400	700	6.5129	6.4688	4.2212	10.4396	2.9817	16.7137
1400	750	6.2280	6.2031	4.0245	10.1098	2.8229	16.0591
1400	800	6.9765	6.9531	4.4935	11.3322	3.1371	18.0008
1400	850	7.4590	7.4062	4.7491	12.0707	3.2836	19.5004
1400	900	7.6720	7.6562	4.8078	12.7223	3.2898	20.7242
1400	950	8.1325	8.0938	5.0001	13.7073	3.3513	22.6525
1425	1000	9.9587	9.9062	6.0819	16.9349	4.0438	28.3719
1425	1025	10.4687	10.4688	6.3248	18.0634	4.1916	30.4354
1425	1050	11.8334	11.7812	7.1482	20.3281	4.7631	33.7669
1425	1075	12.4408	12.4062	7.4954	21.6043	4.9673	36.3402
1425	1100	14.2170	14.1875	8.7646	23.8013	5.8745	38.7602
1425	1125	17.9504	17.8125	11.3770	28.7467	7.8278	45.6262
1425	1150	21.8790	21.5625	14.5102	32.9937	10.4865	49.4083
1425	1175	24.3244	23.8125	16.1783	36.2467	11.6737	53.9047
1450	0	7.0984	7.0938	4.6559	11.3351	3.3113	17.8126
1450	100	6.7505	6.7188	4.4097	10.7359	3.1363	16.8709
1450	1000	10.7078	10.6562	6.5424	18.2170	4.3499	30.2982
1450	1050	12.1488	12.0938	7.3378	20.8673	4.8895	35.1597
1450	1075	12.6729	12.6875	7.6027	22.0941	5.0304	37.6792
1450	1100	13.6598	13.6875	8.1989	23.8355	5.3734	40.6490
1450	1125	16.7223	16.5625	10.3373	27.7857	7.0197	45.2487
1450	1150	21.6448	21.4375	13.9082	33.9988	9.7557	52.7612
1450	1175	29.1260	28.6250	19.3202	44.0286	13.9211	65.7045
1450	1200	30.2189	29.6250	20.2002	44.8582	14.6389	66.2351
1450	150	6.6562	6.5938	4.3360	10.5362	3.0908	16.7057
1450	200	6.6264	6.5938	4.3277	10.5362	3.0779	16.7057
1450	250	6.6777	6.6562	4.3520	10.6361	3.0811	16.8641
1450	300	6.7237	6.7188	4.3928	10.7359	3.1100	17.0224
1450	350	7.1186	7.0938	4.6737	11.3351	3.3391	17.7326
1450	400	7.0868	7.0312	4.6237	11.2353	3.2959	17.8141
1450	450	7.2757	7.2188	4.7379	11.6500	3.3697	18.4101
1450	50	6.8080	6.7812	4.4508	10.8358	3.1655	17.0279
1450	500	7.6849	7.6562	5.0154	12.2340	3.5590	19.5702
1450	550	7.6501	7.6250	5.0045	12.1840	3.5593	19.3185
1450	600	7.9083	7.9062	5.1692	12.6334	3.6597	20.2093
1450	650	7.4678	7.4062	4.8610	11.9526	3.4572	18.9709
1450	700	7.6703	7.6562	4.9865	12.3560	3.5141	19.6113
1450	750	8.5858	8.5312	5.5564	13.7682	3.9157	22.0428
1450	800	8.9404	8.9062	5.7782	14.3734	4.0530	23.0117
1450	850	9.2653	9.2188	5.9809	15.0247	4.1953	23.8662
1450	900	10.6322	10.5938	6.8197	17.2656	4.7382	27.8930
1450	950	10.1347	10.0938	6.3256	16.7726	4.3174	27.3221
1475	1050	14.5476	14.4375	8.9006	24.6811	5.9498	41.0492
1475	1075	13.4397	13.4375	8.1531	22.9716	5.4327	38.7650
1475	1100	15.0355	14.9688	8.9664	26.3053	5.8764	44.7673
1475	1125	15.7201	15.6875	9.4374	27.3183	6.2198	46.9071
1475	1150	20.0138	19.9062	12.3228	33.5540	8.2813	54.8413
1475	1175	24.3368	24.1875	15.7439	38.2637	11.0072	58.9397
1500	0	8.6222	8.5938	5.6404	13.7320	4.0115	21.5791
1500	100	8.5295	8.5000	5.5788	13.5822	3.9678	21.5353
1500	1000	13.2725	13.1875	8.2644	22.1237	5.6407	36.3091
1500	1050	14.7262	14.6875	9.0547	24.8743	6.0529	41.1068
1500	1100	16.3465	16.3125	9.8134	28.4067	6.4677	48.1135
1500	1125	16.5206	16.5625	9.9247	28.8420	6.5668	49.1872
1500	1150	19.7821	19.7500	11.8813	34.3927	7.8306	58.6534
1500	1175	22.6753	22.5625	14.0534	37.8515	9.5186	61.1601
1500	1200	29.5326	29.1250	19.0197	46.5390	13.2542	72.4769
1500	1250	39.6100	38.8125	26.4648	58.6152	19.1788	86.2306
1500	150	8.5101	8.4688	5.5760	13.5323	3.9532	21.2652
1500	200	8.9336	8.9062	5.8455	14.2314	4.1574	22.5646
1500	250	8.2034	8.1562	5.3702	13.0329	3.8073	20.6644
1500	300	8.8613	8.8438	5.8045	14.1315	4.1282	22.2068
1500	350	8.6341	8.5938	5.6404	13.7320	4.0115	21.7728
1500	400	8.8349	8.7812	5.7634	14.1716	4.0991	22.2971
1500	450	9.1906	9.1562	6.0096	14.6308	4.2741	23.1980
1500	50	9.9449	9.9062	6.5018	15.8293	4.6242	24.6515
1500	500	9.4291	9.4062	6.1736	15.0303	4.3908	23.8314
1500	550	9.9843	9.9531	6.5075	16.0629	4.6072	25.4946
1500	600	9.8960	9.8438	6.4608	15.7294	4.5950	25.1617
1500	650	10.0668	10.0312	6.5586	16.1889	4.6434	25.9184
1500	700	11.3443	11.2812	7.3759	18.2063	5.2220	28.8966
1500	750	10.6623	10.5938	6.9397	17.0967	4.9244	27.1356
1500	800	11.3831	11.3438	7.4167	18.1263	5.2509	28.9959
1500	850	11.1277	11.0938	7.1695	17.9037	5.0052	28.9110
1500	900	12.5815	12.5625	8.1187	20.2740	5.6678	32.4586
1500	950	13.9198	13.8125	8.8570	22.7318	6.1239	37.0337
1525	1100	16.7408	16.6875	10.1250	28.7936	6.7467	48.6864
1525	1125	17.2952	17.3125	10.3703	30.1481	6.7965	51.7660
1525	1150	20.4167	20.3125	12.2197	35.3723	8.0536	59.9114
1525	1175	22.5552	22.4375	13.4402	39.4305	8.8085	67.1042
1550	0	10.5899	10.5938	6.9530	16.9278	4.9451	26.6011
1550	100	11.9624	11.9062	7.8145	19.0251	5.5578	29.8969
1550	1000	17.2554	17.1875	11.0211	28.0121	7.6202	45.2542
1550	1050	18.5352	18.4375	11.5310	30.6373	7.8503	50.3046
1550	1100	19.5800	19.5625	12.1598	32.8186	8.2147	54.6948
1550	1150	20.4875	20.4375	12.3476	35.7529	8.1830	61.1164
1550	1175	23.4905	23.4375	14.0997	40.8142	9.2926	68.6527
1550	1200	22.3305	22.3125	13.1139	39.9223	8.5415	67.6309
1550	1250	42.3872	41.9062	27.5748	65.7930	19.3980	100.9458
1550	1300	50.6856	49.6250	33.8374	75.1422	24.5217	110.9507
1550	150	10.9820	10.9531	7.1889	17.5021	5.1129	27.5035
1550	200	12.4805	12.4062	8.1426	19.8240	5.7912	31.4321
1550	250	11.5032	11.4688	7.5273	18.3260	5.3536	28.7983
1550	300	12.6750	12.6875	8.2953	20.2734	5.8729	31.8586
1600	0	14.5152	14.4375	9.4758	23.0698	6.7394	36.5784
1600	100	14.8835	14.8125	9.7219	23.6690	6.9144	37.1945
1600	1000	21.6107	21.5625	13.9893	34.7987	9.8126	56.1933
1600	1050	22.0575	22.0000	14.0516	36.2063	9.6680	58.9859
1600	1100	22.3692	22.3125	13.8124	37.6099	9.2823	61.9430
1600	1150	29.1821	29.1250	18.3265	48.3965	12.5715	78.8366
1600	1200	27.1816	27.1250	16.3530	47.2356	10.8076	80.0048
1600	1250	31.9683	31.9688	19.1495	56.1802	12.5502	96.2506
1600	1300	51.3835	50.9531	33.2743	81.4183	23.1877	125.6468
1600	1350	63.3102	62.2500	41.8902	95.2514	30.2739	141.9050
1600	150	14.9520	14.9062	9.7835	23.8188	6.9582	37.4299
1600	200	14.3283	14.3125	9.3577	22.8700	6.6251	36.2617
1600	250	14.7114	14.6875	9.6399	23.4692	6.8561	36.8806
1600	300	14.6863	14.6875	9.6399	23.4692	6.8561	36.8806
1600	350	15.6054	15.5625	10.2142	24.8674	7.2645	39.0778
1600	400	16.5457	16.5625	10.8288	26.4653	7.6666	41.5888
1600	450	14.9950	14.9531	9.8142	23.8937	6.9801	37.8848
1600	50	14.5340	14.4375	9.5122	23.0698	6.7958	36.2529
1600	500	15.7551	15.6875	10.2962	25.0672	7.3229	39.7453
1600	550	15.6145	15.5625	10.1750	25.1155	7.2037	39.8629
1600	600	16.1713	16.1250	10.5834	25.7662	7.5271	40.8538
1600	650	16.7074	16.6875	10.9106	26.6651	7.7245	42.6551
1600	700	16.0206	15.9766	10.4658	25.7838	7.4266	40.9235
1600	750	19.3898	19.3125	12.6754	30.8596	9.0150	48.9295
1600	800	19.5528	19.4375	12.7575	31.0593	9.0734	49.2462
1600	850	17.6162	17.5625	11.4384	28.3433	8.0609	44.9858
1600	900	19.3650	19.3125	12.5782	31.1675	8.8641	49.8990
1600	950	18.7581	18.6875	12.1711	30.1588	8.5773	48.2841
1650	0	17.5789	17.5625	11.4826	28.0632	8.1295	44.4958
1650	100	19.1922	19.1875	12.5693	30.6598	8.9192	48.6128
1650	1000	25.3849	25.3750	16.5267	40.9515	11.6467	65.5631
1650	1050	27.8778	27.8125	17.9042	45.3287	12.4396	73.8427
1650	1100	35.6081	35.3750	22.8616	57.6540	15.9602	91.5814
1650	1150	31.5534	31.3750	19.8025	52.1353	13.4202	85.6031
1650	1200	34.9129	34.8750	21.5891	59.0633	14.5085	99.8094
1650	1250	36.8787	36.8125	22.2408	64.1054	14.7394	109.3254
1650	1300	40.1719	40.1250	24.1386	70.5136	15.9089	120.0025
1650	1350	70.1654	69.6250	45.8141	109.3115	32.2288	169.3162
1650	1400	93.8744	92.2500	62.2634	140.4203	44.8638	208.8278
1650	150	19.8070	19.6875	12.9626	31.4588	9.1901	49.4357
1650	200	22.0651	21.9844	14.3737	35.1290	10.1764	55.6989
1650	250	19.2184	19.1875	12.5693	30.6598	8.9192	48.6128
1650	300	20.5480	20.4375	13.4138	32.6572	9.5402	51.7798
1650	350	20.1205	20.0625	13.1677	32.0580	9.3651	50.8297
1650	400	20.5779	20.5625	13.4441	32.8570	9.5182	52.0965
1650	450	18.4619	18.4375	12.0547	29.4614	8.5345	47.1283
1650	50	19.4107	19.3125	12.6754	31.1675	9.0150	49.0378
1650	500	20.4771	20.4375	13.4138	32.6572	9.5402	51.7798
1650	550	19.5113	19.4375	12.7330	31.3692	9.0354	49.7886
1650	600	21.9332	21.9062	14.3227	35.1788	10.1402	56.0535
1650	650	21.9312	21.8750	14.3298	34.9542	10.1685	55.4218
1650	700	20.1725	20.0625	13.1677	32.2179	9.3651	50.8859
1650	750	24.0868	23.9375	15.7110	38.6315	11.1740	60.7815
1650	800	23.7066	23.6875	15.4873	37.8504	10.9647	60.0139
1650	850	25.6571	25.6250	16.7540	40.9464	11.8616	65.5004
1650	900	26.1035	26.0000	17.0647	41.5456	12.1367	65.8728
1650	950	27.3326	27.3750	17.7021	44.1792	12.4578	71.9514
1700	0	23.8702	23.8125	15.6290	38.0501	11.1156	59.7937
1700	100	26.2448	26.1250	17.1467	41.7453	12.1951	65.6004
1700	1000	34.1142	34.1250	22.2256	54.5286	15.6628	87.2274
1700	1050	33.9973	33.8750	22.0627	54.6692	15.5481	86.7698
1700	1100	37.7177	37.6250	24.1736	61.3210	16.7549	99.0655
1700	1150	40.3997	40.2500	25.9108	65.5992	18.0024	105.0896
1700	1200	40.7453	40.6250	25.1486	68.1536	16.9006	111.8527
1700	1250	42.4743	42.3750	26.3939	71.0895	17.8770	119.3788
1700	1300	47.8567	47.6250	29.0070	82.1750	19.2546	139.4371
1700	1350	60.7359	60.8125	36.5839	106.8687	24.1112	184.3121
1700	1400	98.0658	96.9062	63.2835	153.6883	44.0999	240.7052
1700	1450	119.3127	117.2500	79.6603	177.0725	57.4800	260.4969
1700	150	27.0808	27.0000	17.7210	43.1435	12.6035	67.1888
1700	200	23.7495	23.6875	15.4873	38.2281	10.9647	60.6748
1700	250	25.6978	25.6250	16.8186	40.9464	11.9617	64.3449
1700	300	24.9818	24.9062	16.3468	39.7979	11.6262	63.1017
1700	350	25.0582	25.1250	16.3217	40.1474	11.6301	63.6559
1700	400	25.3785	25.3750	16.5906	40.9515	11.7458	64.9973
1700	450	26.6778	26.6250	17.4749	42.5443	12.4285	66.8559
1700	50	26.5069	26.3750	17.3108	42.1448	12.3118	66.8228
1700	500	25.5065	25.3750	16.6225	40.9515	11.7954	64.9973
1700	550	27.2619	27.1250	17.8031	43.7757	12.6619	69.4799
1700	600	27.5082	27.3750	17.9671	44.1792	12.7786	69.5099
1700	650	26.4412	26.3750	17.3108	42.1448	12.3118	66.2282
1700	700	26.6295	26.6250	17.4079	42.5443	12.3245	68.0565
1700	750	28.5213	28.3750	18.6826	45.3406	13.2454	71.8900
1700	800	26.7871	26.6250	17.4749	42.9688	12.4285	68.1991
1700	850	30.4460	30.3750	19.8597	49.0207	14.0603	77.8046
1700	900	32.9639	32.8125	21.4533	52.9545	15.1886	84.7799
1700	950	36.1835	36.1250	23.6191	58.0124	16.7219	93.2463
1750	0	32.9295	32.8125	21.5360	52.4313	15.3168	82.3929
1750	100	33.7782	33.6250	22.0692	54.2657	15.6960	85.3797
1750	1000	43.3272	43.1250	28.0872	69.5973	19.7937	112.3865
1750	1050	42.9648	42.8125	27.8837	69.0930	19.6503	110.6175
1750	1100	41.7321	41.6250	27.0055	67.1765	18.9426	108.4774
1750	1150	46.4548	46.3750	29.7953	75.5817	20.6514	122.1040
1750	1200	52.0315	51.9688	32.9475	85.5270	22.6348	140.4702
1750	1250	51.4432	51.2500	31.9218	86.7955	21.6211	144.5155
1750	1300	57.9886	57.8750	35.8270	98.0154	24.0769	160.7601
1750	1350	60.1317	60.0000	36.4046	103.5276	24.2578	173.2024
1750	1400	70.6659	70.8750	42.4546	125.6821	27.8240	214.8187
1750	1450	128.5651	127.0000	82.0754	201.4154	57.2988	312.5680
1750	150	30.2094	30.1250	19.7721	48.1369	14.0623	75.6445
1750	200	32.8089	32.8125	21.4533	52.4313	15.1886	83.1327
1750	250	30.8820	30.8125	20.1845	49.7268	14.3230	78.2383
1750	300	31.9222	31.8125	20.8796	50.8334	14.8500	79.8819
1750	350	33.8859	33.8125	22.1923	54.0292	15.7836	85.6663
1750	400	31.8052	31.8125	20.7995	50.8334	14.7257	80.5991
1750	450	34.6261	34.6250	22.6384	55.3275	16.0276	86.9441
1750	50	32.5195	32.3750	21.2081	51.7322	15.0493	82.0243
1750	500	34.0819	34.1250	22.3115	54.5286	15.7961	86.4580
1750	550	35.8200	35.8125	23.4148	57.7960	16.5773	90.9341
1750	600	35.0545	34.9688	22.9512	55.8768	16.3233	88.5957
1750	650	37.0106	36.9375	24.1503	59.6116	17.0980	95.4379
1750	700	36.1438	36.1250	23.6646	57.7244	16.7925	91.5251
1750	750	37.4942	37.3750	24.4364	60.3177	17.3005	95.7349
1750	800	36.6205	36.3750	23.8741	58.7038	16.9797	93.1735
1750	850	39.4965	39.3750	25.8431	62.9176	18.3801	100.6470
1750	900	37.9745	37.9062	24.6883	61.1750	17.3984	98.7861
1750	950	42.1364	41.9844	27.5558	67.0871	19.5982	106.3703
1800	0	46.1317	45.9688	30.1709	73.4538	21.4581	115.4285
1800	100	47.4224	47.1250	31.0279	75.3013	21.9978	118.3319
1800	1000	56.1667	55.9844	36.7444	89.4578	26.1333	141.8402
1800	1050	57.4102	57.2500	37.4310	91.4801	26.5005	147.6283
1800	1100	56.4965	56.2500	36.7772	90.7791	26.0376	144.0827
1800	1150	57.4402	57.2500	36.8544	93.3057	25.6060	151.9997
1800	1200	62.3389	62.2500	40.2299	100.4622	28.0854	163.6155
1800	1250	62.5986	62.6250	39.8845	103.0644	27.7654	166.5435
1800	1300	70.4430	70.2500	44.3388	118.9734	30.0483	204.7469
1800	1350	70.8524	70.6250	43.5398	121.8606	29.1052	206.7767
1800	1400	82.7186	82.9062	50.6886	143.0514	33.5187	247.8459
1800	1450	91.2901	91.5000	54.6321	160.7973	35.6528	277.3206
1800	150	40.0807	39.9375	26.2123	63.8164	18.6427	100.2839
1800	200	42.3826	42.3750	27.7588	67.7113	19.6978	106.4045
1800	250	40.2232	40.1250	26.2344	64.7558	18.5735	102.7790
1800	300	42.2808	42.1250	27.6481	67.3118	19.6638	106.2517
1800	350	45.6584	45.6250	29.8304	72.9045	21.1194	115.5940
1800	400	44.7275	44.6250	29.2889	71.3066	20.8308	113.0605
1800	450	43.4578	43.3750	28.4685	69.3092	20.2473	109.8935
1800	50	42.2982	42.1250	27.6481	67.3118	19.6638	106.7265
1800	500	46.9022	46.8125	30.6068	75.5484	21.6691	118.8650
1800	550	45.4982	45.3750	29.6669	73.2285	21.0037	116.2267
1800	600	43.8713	43.8125	28.6453	70.7068	20.2804	112.2244
1800	650	45.0117	44.9062	29.4735	71.7560	20.9621	113.7730
1800	700	45.7237	45.6250	29.8304	73.6319	21.1194	116.8671
1800	750	47.5853	47.3750	30.9745	76.4562	21.9294	121.3496
1800	800	43.3991	43.3750	28.3593	69.3092	20.0779	110.8714
1800	850	46.3471	46.3750	30.3207	74.1029	21.4666	118.5398
1800	900	48.7517	48.6250	31.7918	78.4735	22.5081	125.6357
1800	950	50.7531	50.6250	33.1632	80.8940	23.5327	129.4033
1850	0	55.3603	55.2500	36.2625	88.2843	25.7905	138.7339
1850	100	56.9756	56.8750	37.3290	90.8809	26.5491	142.8144
1850	1000	65.4791	65.2500	42.6615	105.3037	30.2036	168.5908
1850	1050	69.4453	69.2500	45.2768	110.6550	32.0552	177.0109
1850	1100	73.8369	73.6250	47.9519	117.6459	33.7927	189.8538
1850	1150	75.9762	75.9062	49.2465	122.5014	34.5433	199.5090
1850	1200	80.1023	79.8125	52.0822	128.8055	36.7886	204.4373
1850	1250	75.8503	75.7500	48.7637	123.4570	33.8804	199.4474
1850	1300	81.7840	81.6250	51.3613	135.6349	35.2327	229.7404
1850	1350	87.8064	87.8125	55.6446	145.9165	37.9034	243.3710
1850	1400	93.1122	93.2500	58.2009	156.4388	39.5220	256.7451
1850	1450	103.3075	103.2500	62.1137	181.4462	40.9370	312.9328
1850	150	52.2864	52.2500	34.2277	83.4906	24.2881	132.3789
1850	200	54.1161	54.2500	35.5378	86.6864	25.2178	136.2229
1850	250	51.1473	51.0000	33.4730	81.4932	23.8066	129.2119
1850	300	54.5126	54.2500	35.6061	86.6864	25.3237	137.4460
1850	350	55.9962	55.9531	36.5831	90.3000	25.9002	143.3223
1850	400	56.3499	56.2500	36.7772	90.7791	26.0376	144.0827
1850	450	53.3048	53.2500	34.9498	85.0885	24.8569	133.7119
1850	50	54.5618	54.2500	35.9670	86.6864	25.5356	134.9998
1850	500	52.8009	52.6250	34.5396	84.9289	24.5652	133.6240
1850	550	55.9735	55.9062	36.6932	89.3330	26.0969	141.6423
1850	600	53.7002	53.6250	35.0609	86.5427	24.8225	136.1632
1850	650	56.2118	55.9688	36.7342	89.4328	26.1260	140.5387
1850	700	60.9130	60.8125	39.7602	98.1423	28.1495	155.7694
1850	750	61.2604	61.2500	39.7892	98.8484	28.3521	156.8900
1850	800	59.5341	59.2500	38.9624	94.6760	27.7734	148.7780
1850	850	62.4267	62.2500	40.6217	100.4622	28.6934	160.8395
1850	900	60.4259	60.2500	39.3924	97.2345	27.8892	155.6720
1850	950	64.9776	64.7500	42.4161	103.9806	30.0986	165.6818
1900	0	68.7356	68.6250	45.0409	109.6563	32.0339	172.3189
1900	100	69.3105	69.2500	45.4511	110.6550	32.3257	175.4496
1900	1000	85.6358	85.2500	55.7378	137.5808	39.4614	220.2661
1900	1050	90.4389	90.2500	58.3604	145.6500	41.0708	233.1850
1900	1100	92.4585	92.2500	60.3145	148.8777	42.7017	238.3525
1900	1150	111.9377	111.6250	72.9822	178.3663	51.6702	287.8429
1900	1200	95.7937	95.2500	62.1561	153.7193	43.9043	246.1038
1900	1250	107.6792	107.6250	69.2831	175.4067	48.1370	288.1191
1900	1300	104.4275	104.2500	66.5855	169.9061	45.8130	288.2780
1900	1350	107.5537	107.2500	68.2316	176.5055	46.7124	292.2319
1900	1400	115.7327	115.6250	71.8713	197.6628	48.5535	338.3699
1900	1450	139.8786	139.7500	87.2233	234.4484	59.2300	390.7269
1900	150	70.9191	70.9062	46.5382	113.3016	33.0988	179.6458
1900	200	74.4790	74.2500	48.8874	118.6446	34.6597	186.4434
1900	250	67.0907	66.9844	43.8798	107.0348	31.1373	169.7094
1900	300	68.3384	68.2500	44.7948	109.0571	31.8589	172.9160
1900	350	67.4907	67.2500	44.1385	108.5315	31.3921	170.7594
1900	400	75.2490	75.2500	49.3891	120.2425	35.1265	188.9544
1900	450	69.5110	69.2500	45.2768	111.7592	32.0552	178.9259
1900	50	65.6178	65.6250	43.0719	104.8626	30.6335	164.7858
1900	500	70.2645	70.2500	45.9306	112.2529	32.5181	177.9831
1900	550	69.7057	69.6250	45.5220	112.3643	32.2288	179.8948
1900	600	75.8875	75.7500	49.5266	121.0414	35.0640	191.9178
1900	650	76.8260	76.6250	50.0987	123.6613	35.4690	196.2726
1900	700	78.6961	78.2500	51.5211	125.0362	36.5269	198.2517
1900	750	71.3871	71.2500	46.5844	114.9869	32.9810	182.5047
1900	800	78.4132	78.2500	51.1611	126.2838	36.2212	202.1798
1900	850	83.8775	83.6250	54.6754	134.9583	38.7092	216.0675
1900	900	89.0681	88.8750	58.3317	142.0139	41.4866	223.1671
1900	950	87.8113	87.5000	57.2089	141.2119	40.5029	228.0306
1950	0	88.1648	87.9375	57.7164	140.5159	41.0490	220.8130
1950	100	89.9341	89.6250	59.0106	143.2124	41.8367	225.0503
1950	1000	107.1517	106.8750	69.8766	172.4803	49.4714	273.7571
1950	1050	101.4505	101.2500	65.9440	163.4024	46.4722	259.3488
1950	1100	121.0497	120.8750	78.4214	197.0014	55.0076	318.2602
1950	1150	119.3619	119.2500	77.1133	192.4517	54.2681	318.7498
1950	1200	126.6500	126.2500	81.5907	205.7616	56.9604	335.1960
1950	1250	123.9427	123.7500	80.7540	199.7140	57.0410	319.7411
1950	1300	129.5791	129.5000	82.8058	213.1232	57.9209	347.2123
1950	1350	146.1961	145.9688	91.8485	242.5538	63.0060	404.5501
1950	1400	152.6254	152.2500	95.8009	252.9913	65.7173	418.6776
1950	1450	144.5851	144.2500	90.7219	241.9977	61.7007	406.3810
1950	150	87.8523	87.8125	57.5238	140.3162	40.8191	222.4789
1950	200	89.9975	89.9062	58.7822	143.6618	41.6168	227.7836
1950	250	93.9547	93.6250	61.4493	149.6040	43.7039	235.0944
1950	300	93.0948	92.8750	60.8401	148.4056	43.1724	235.3051
1950	350	90.1192	89.9688	59.0495	143.7616	41.9971	227.9419
1950	400	89.6084	89.5000	58.6292	143.0126	41.6035	226.7543
1950	450	90.2902	90.2500	59.0069	144.2111	41.7759	228.6545
1950	50	94.4198	94.2500	61.8595	150.6027	43.9956	238.7888
1950	500	85.1631	85.2500	55.8451	136.2215	39.6279	215.9866
1950	550	93.5226	93.5000	61.1318	150.8950	43.2803	239.4975
1950	600	88.3727	88.2500	57.6993	142.4223	40.8501	228.0174
1950	650	97.7745	97.6250	63.8288	157.5522	45.1897	252.2402
1950	700	100.1370	99.9375	65.5924	159.6908	46.6505	254.3250
1950	750	99.6727	99.6250	65.0110	160.7799	45.9209	257.4078
1950	800	103.5130	103.2500	67.5065	166.6301	47.7935	266.7739
1950	850	96.3053	96.2500	62.9298	155.3331	44.5532	244.3954
1950	900	104.4737	104.2500	68.1603	168.2439	48.2563	268.1955
1950	950	102.7513	102.6250	67.0979	165.6214	47.5042	265.1591
600	250	0.0307	0.0308	0.0182	0.0538	0.0120	0.0914
600	275	0.0430	0.0425	0.0265	0.0713	0.0176	0.1161
600	300	0.0535	0.0522	0.0337	0.0843	0.0233	0.1303
600	325	0.0640	0.0630	0.0421	0.0964	0.0300	0.1443
625	275	0.0407	0.0405	0.0241	0.0712	0.0161	0.1212
625	300	0.0536	0.0532	0.0323	0.0893	0.0220	0.1454
625	325	0.0689	0.0679	0.0436	0.1085	0.0305	0.1704
625	350	0.0811	0.0796	0.0534	0.1218	0.0382	0.1814
625	375	0.0907	0.0884	0.0601	0.1345	0.0432	0.1980
625	400	0.0900	0.0874	0.0591	0.1330	0.0427	0.1947
650	200	0.0402	0.0396	0.0240	0.0689	0.0164	0.1167
650	250	0.0451	0.0444	0.0265	0.0781	0.0177	0.1329
650	275	0.0446	0.0444	0.0265	0.0774	0.0177	0.1320
650	300	0.0527	0.0522	0.0311	0.0918	0.0208	0.1563
650	325	0.0673	0.0669	0.0416	0.1122	0.0280	0.1828
650	350	0.0858	0.0845	0.0543	0.1363	0.0379	0.2107
650	375	0.1025	0.1006	0.0675	0.1547	0.0483	0.2321
650	400	0.1081	0.1060	0.0716	0.1604	0.0517	0.2356
650	425	0.1135	0.1108	0.0755	0.1670	0.0550	0.2420
675	250	0.0560	0.0552	0.0337	0.0952	0.0228	0.1604
675	275	0.0553	0.0552	0.0334	0.0952	0.0220	0.1604
675	300	0.0601	0.0591	0.0355	0.1048	0.0235	0.1779
675	325	0.0636	0.0630	0.0378	0.1107	0.0251	0.1884
675	350	0.0822	0.0815	0.0506	0.1368	0.0338	0.2245
675	375	0.1102	0.1079	0.0711	0.1711	0.0497	0.2631
675	400	0.1266	0.1245	0.0833	0.1910	0.0598	0.2856
675	425	0.1374	0.1343	0.0909	0.2033	0.0653	0.3002
675	450	0.1515	0.1479	0.1009	0.2217	0.0731	0.3242
700	0	0.0552	0.0552	0.0350	0.0908	0.0237	0.1467
700	100	0.0569	0.0562	0.0354	0.0933	0.0241	0.1520
700	200	0.0598	0.0591	0.0367	0.0991	0.0254	0.1633
700	250	0.0647	0.0640	0.0391	0.1093	0.0265	0.1832
700	300	0.0705	0.0698	0.0421	0.1205	0.0281	0.2030
700	325	0.0749	0.0737	0.0452	0.1284	0.0297	0.2160
700	350	0.0833	0.0825	0.0497	0.1437	0.0326	0.2434
700	375	0.1054	0.1040	0.0648	0.1745	0.0435	0.2864
700	400	0.1289	0.1274	0.0822	0.2036	0.0572	0.3200
700	425	0.1405	0.1382	0.0913	0.2147	0.0645	0.3255
700	450	0.1656	0.1616	0.1090	0.2473	0.0780	0.3684
700	475	0.1910	0.1851	0.1262	0.2787	0.0914	0.4063
725	300	0.0844	0.0835	0.0511	0.1454	0.0336	0.2446
725	325	0.0891	0.0884	0.0533	0.1539	0.0356	0.2607
725	350	0.0932	0.0923	0.0565	0.1592	0.0371	0.2683
725	375	0.1043	0.1040	0.0627	0.1795	0.0418	0.3024
725	400	0.1261	0.1245	0.0766	0.2089	0.0511	0.3428
725	425	0.1622	0.1597	0.1032	0.2551	0.0720	0.3973
725	450	0.1858	0.1831	0.1214	0.2831	0.0862	0.4274
725	475	0.2241	0.2197	0.1484	0.3345	0.1077	0.4948
725	500	0.2340	0.2275	0.1546	0.3427	0.1115	0.4996
750	200	0.0912	0.0903	0.0572	0.1501	0.0392	0.2426
750	250	0.0924	0.0913	0.0573	0.1532	0.0389	0.2514
750	300	0.1123	0.1108	0.0682	0.1895	0.0455	0.3128
750	350	0.1026	0.1021	0.0615	0.1761	0.0411	0.2988
750	375	0.1113	0.1108	0.0665	0.1939	0.0437	0.3315
750	400	0.1209	0.1206	0.0718	0.2119	0.0466	0.3655
750	425	0.1514	0.1499	0.0932	0.2515	0.0629	0.4063
750	450	0.2018	0.1992	0.1299	0.3160	0.0910	0.4858
750	475	0.2525	0.2490	0.1663	0.3810	0.1192	0.5706
750	500	0.2531	0.2471	0.1682	0.3761	0.1216	0.5534
750	525	0.2718	0.2646	0.1793	0.4007	0.1297	0.5885
775	350	0.1331	0.1323	0.0812	0.2262	0.0540	0.3762
775	375	0.1311	0.1304	0.0784	0.2270	0.0517	0.3845
775	400	0.1492	0.1479	0.0894	0.2565	0.0592	0.4333
775	425	0.1447	0.1440	0.0863	0.2531	0.0565	0.4308
775	450	0.2123	0.2100	0.1305	0.3489	0.0882	0.5638
775	475	0.2611	0.2568	0.1659	0.4104	0.1149	0.6391
775	500	0.2844	0.2783	0.1859	0.4303	0.1332	0.6464
775	525	0.3080	0.3018	0.2035	0.4617	0.1456	0.6879
775	550	0.3175	0.3096	0.2103	0.4688	0.1518	0.6884
800	0	0.1215	0.1206	0.0773	0.1966	0.0542	0.3122
800	100	0.1259	0.1245	0.0797	0.2049	0.0550	0.3311
800	200	0.1334	0.1323	0.0839	0.2178	0.0576	0.3519
800	250	0.1290	0.1284	0.0805	0.2134	0.0549	0.3448
800	300	0.1334	0.1323	0.0819	0.2220	0.0550	0.3671
800	350	0.1484	0.1479	0.0898	0.2541	0.0598	0.4269
800	400	0.1551	0.1548	0.0935	0.2671	0.0620	0.4500
800	425	0.1758	0.1743	0.1049	0.3036	0.0691	0.5177
800	450	0.1772	0.1763	0.1056	0.3070	0.0692	0.5199
800	475	0.2389	0.2373	0.1472	0.3981	0.0992	0.6483
800	500	0.2933	0.2900	0.1867	0.4635	0.1297	0.7283
800	525	0.3343	0.3291	0.2182	0.5141	0.1549	0.7764
800	550	0.4500	0.4395	0.2996	0.6689	0.2172	0.9844
800	575	0.3918	0.3818	0.2594	0.5782	0.1872	0.8537
825	400	0.1898	0.1880	0.1159	0.3184	0.0775	0.5301
825	425	0.2090	0.2080	0.1267	0.3556	0.0849	0.5914
825	450	0.2144	0.2139	0.1281	0.3724	0.0840	0.6351
825	475	0.2185	0.2178	0.1283	0.3862	0.0838	0.6601
825	500	0.2629	0.2607	0.1624	0.4374	0.1100	0.7123
825	525	0.3891	0.3838	0.2516	0.6056	0.1762	0.9346
825	550	0.4661	0.4590	0.3085	0.7060	0.2196	1.0589
825	575	0.5212	0.5098	0.3463	0.7760	0.2499	1.1479
825	600	0.5329	0.5215	0.3543	0.7855	0.2556	1.1575
850	200	0.1847	0.1831	0.1179	0.2984	0.0819	0.4781
850	250	0.1947	0.1929	0.1237	0.3143	0.0855	0.5078
850	300	0.1965	0.1953	0.1224	0.3245	0.0835	0.5329
850	350	0.2011	0.2002	0.1247	0.3359	0.0845	0.5469
850	400	0.2225	0.2217	0.1378	0.3719	0.0931	0.6104
850	450	0.2433	0.2412	0.1478	0.4162	0.0980	0.6963
850	475	0.2554	0.2529	0.1528	0.4384	0.1013	0.7407
850	500	0.3011	0.2998	0.1823	0.5125	0.1218	0.8524
850	525	0.3558	0.3525	0.2191	0.5914	0.1480	0.9556
850	550	0.4644	0.4590	0.2966	0.7279	0.2071	1.1296
850	575	0.4940	0.4863	0.3236	0.7558	0.2308	1.1456
850	600	0.6242	0.6113	0.4153	0.9257	0.2997	1.3595
850	625	0.5849	0.5723	0.3865	0.8665	0.2805	1.2795
875	450	0.2881	0.2861	0.1757	0.4891	0.1168	0.8195
875	475	0.2849	0.2842	0.1710	0.4949	0.1127	0.8382
875	500	0.3147	0.3135	0.1909	0.5359	0.1267	0.9043
875	525	0.3192	0.3174	0.1901	0.5578	0.1246	0.9492
875	550	0.4515	0.4473	0.2792	0.7432	0.1896	1.1914
875	575	0.5468	0.5410	0.3546	0.8537	0.2483	1.3174
875	600	0.6346	0.6270	0.4188	0.9643	0.3000	1.4538
875	625	0.6773	0.6621	0.4482	1.0131	0.3220	1.5015
875	650	0.7220	0.7051	0.4745	1.0676	0.3429	1.5764
900	0	0.2502	0.2490	0.1619	0.3979	0.1138	0.6309
900	100	0.2496	0.2471	0.1612	0.3987	0.1139	0.6274
900	200	0.2810	0.2783	0.1806	0.4492	0.1267	0.7191
900	250	0.2707	0.2686	0.1729	0.4377	0.1201	0.7012
900	300	0.2774	0.2764	0.1772	0.4504	0.1225	0.7277
900	350	0.3147	0.3125	0.1966	0.5193	0.1349	0.8459
900	400	0.3277	0.3252	0.2046	0.5404	0.1404	0.8803
900	450	0.3244	0.3213	0.1981	0.5492	0.1324	0.9135
900	500	0.3530	0.3506	0.2127	0.6049	0.1417	1.0120
900	525	0.3803	0.3779	0.2278	0.6581	0.1506	1.1147
900	550	0.3867	0.3857	0.2301	0.6779	0.1499	1.1575
900	575	0.5421	0.5371	0.3366	0.8925	0.2297	1.4307
900	600	0.6706	0.6621	0.4307	1.0580	0.2987	1.6476
900	625	0.8390	0.8242	0.5526	1.2743	0.3976	1.9144
950	350	0.4096	0.4062	0.2587	0.6686	0.1801	1.0804
950	400	0.4336	0.4316	0.2705	0.7172	0.1846	1.1684
950	450	0.4316	0.4277	0.2659	0.7244	0.1796	1.1971
950	500	0.4846	0.4824	0.3000	0.8093	0.2045	1.3385
950	550	0.4968	0.4941	0.2998	0.8526	0.1998	1.4366
950	575	0.5096	0.5098	0.3067	0.8877	0.2021	1.4932
950	600	0.5659	0.5605	0.3340	0.9940	0.2173	1.6990
950	625	0.7258	0.7207	0.4535	1.1861	0.3111	1.9009
950	650	1.0028	0.9883	0.6503	1.5595	0.4575	2.4066
950	675	1.0865	1.0664	0.7171	1.6403	0.5145	2.4603
950	700	1.0514	1.0352	0.6966	1.5839	0.5034	2.3475
950	725	1.2316	1.2070	0.8171	1.8373	0.5870	2.7037
975	550	0.6278	0.6230	0.3825	1.0651	0.2543	1.7715
975	575	0.5660	0.5645	0.3410	0.9829	0.2260	1.6534
975	600	0.6782	0.6738	0.4088	1.1627	0.2724	1.9451
975	625	0.6923	0.6895	0.4066	1.2226	0.2660	2.0897
975	650	0.8886	0.8789	0.5592	1.4465	0.3828	2.2990
975	675	1.1584	1.1445	0.7393	1.8471	0.5119	2.8806
975	700	1.4057	1.3789	0.9334	2.1099	0.6706	3.1596
975	725	1.4696	1.4414	0.9793	2.1941	0.7066	3.2629
975	750	1.4378	1.4023	0.9528	2.1234	0.6875	3.1102
