//v	v	v	c	e	e
//keep this header format!!!
//op    meType	flav    eta     pt      disc    central
0	-2.4	30	0.968546	0.968546+0.093810759484767914	0.968546-0.093810759484767914
0	-2.4	50	0.968546	0.968546+0.10516738146543503	0.968546-0.10516738146543503
0	-2.4	70	0.968546	0.968546+0.095603741705417633	0.968546-0.095603741705417633
0	-2.4	100	0.968546	0.968546+0.115723662078380586	0.968546-0.11572366207838058
0	-2.4	140	0.968546	0.968546+0.19687847793102264	0.968546-0.19687847793102264
0	-2.4	200	0.968546	0.968546+0.16733628511428833	0.968546-0.16733628511428833
0	-2.4	300	0.968546	0.968546+0.25004029273986816	0.968546-0.25004029273986816
0	-2.4	670	1		1				1
0	2.4	30	0.968546	0.968546+0.093810759484767914	0.968546-0.093810759484767914
0	2.4	50	0.968546	0.968546+0.10516738146543503	0.968546-0.10516738146543503
0	2.4	70	0.968546	0.968546+0.095603741705417633	0.968546-0.095603741705417633
0	2.4	100	0.968546	0.968546+0.11572366207838058	0.968546-0.11572366207838058
0	2.4	140	0.968546	0.968546+0.19687847793102264	0.968546-0.19687847793102264
0	2.4	200	0.968546	0.968546+0.16733628511428833	0.968546-0.16733628511428833
0	2.4	300	0.968546	0.968546+0.25004029273986816	0.968546-0.25004029273986816
0	2.4	670	1		1				1
1	-2.4	30	0.968546	0.968546+0.046905379742383957	0.968546-0.046905379742383957
1	-2.4	50	0.968546	0.968546+0.052583690732717514	0.968546-0.052583690732717514
1	-2.4	70	0.968546	0.968546+0.047801870852708817	0.968546-0.047801870852708817
1	-2.4	100	0.968546	0.968546+0.047801870852708817	0.968546-0.047801870852708817
1	-2.4	140	0.968546	0.968546+0.098439238965511322	0.968546-0.098439238965511322
1	-2.4	200	0.968546	0.968546+0.083668142557144165	0.968546-0.083668142557144165
1	-2.4	300	0.968546	0.968546+0.12502014636993408	0.968546-0.12502014636993408
1	-2.4	670	1		1				1
1	2.4	30	0.968546	0.968546+0.046905379742383957	0.968546-0.046905379742383957
1	2.4	50	0.968546	0.968546+0.052583690732717514	0.968546-0.052583690732717514
1	2.4	70	0.968546	0.968546+0.047801870852708817	0.968546-0.047801870852708817
1	2.4	100	0.968546	0.968546+0.047801870852708817	0.968546-0.047801870852708817
1	2.4	140	0.968546	0.968546+0.098439238965511322	0.968546-0.098439238965511322
1	2.4	200	0.968546	0.968546+0.083668142557144165	0.968546-0.083668142557144165
1	2.4	300	0.968546	0.968546+0.12502014636993408	0.968546-0.12502014636993408
1	2.4	670	1		1				1
2	-2.4	30	1	1.20	0.80
2	-2.4	50	1	1.20	0.80
2	-2.4	70	1	1.20	0.80
2	-2.4	100	1	1.20	0.80
2	-2.4	140	1	1.20	0.80
2	-2.4	200	1	1.20	0.80
2	-2.4	300	1	1.20	0.80
2	-2.4	670	1	1.20	0.80
2	2.4	30	1	1.20	0.80
2	2.4	50	1	1.20	0.80
2	2.4	70	1	1.20	0.80
2	2.4	100	1	1.20	0.80
2	2.4	140	1	1.20	0.80
2	2.4	200	1	1.20	0.80
2	2.4	300	1	1.20	0.80
2	2.4	670	1	1.20	0.80
